# CDet half-bar intercept alignment at common ECal time
# reference_ecal_time_ns 22
# common_within_slope_ns_per_ns 0.00609417
# detector_reference_ns 29.6149
# layer half_bar entries mean_ecal_ns mean_cdet_ns projected_cdet_at_reference_ns intercept_error_ns valid proposed_offset_increment_ns
1 0 0 nan nan nan nan 0 0
1 1 0 nan nan nan nan 0 0
1 2 0 nan nan nan nan 0 0
1 3 4 25.1516 17.3207 17.3014 5.20971 0 0
1 4 274 25.1583 32.1866 32.1673 0.199209 1 -2.55241
1 5 158 24.6439 32.955 32.9389 0.40799 1 -3.32393
1 6 540 22.8464 30.9386 30.9335 0.205392 1 -1.31855
1 7 0 nan nan nan nan 0 0
1 8 895 23.8073 31.0667 31.0557 0.0826966 1 -1.44076
1 9 2476 23.7918 32.2882 32.2773 0.0527572 1 -2.66236
1 10 2029 22.6929 30.9346 30.9304 0.0586792 1 -1.31549
1 11 1351 24.1557 31.9792 31.9661 0.083096 1 -2.35115
1 12 601 24.2462 31.4068 31.3931 0.136921 1 -1.77821
1 13 1728 24.4988 31.8817 31.8665 0.0788351 1 -2.25154
1 14 1259 24.5863 32.0462 32.0304 0.0807731 1 -2.41552
1 15 1717 23.4395 30.6997 30.6909 0.0799446 1 -1.07596
1 16 2579 23.1494 30.9369 30.9299 0.0561526 1 -1.31497
1 17 1626 23.4922 31.1118 31.1027 0.0704078 1 -1.48782
1 18 1373 23.0791 30.5267 30.5201 0.0908174 1 -0.905196
1 19 805 23.0639 30.0631 30.0566 0.108556 1 -0.441716
1 20 1197 22.5356 30.8442 30.841 0.0816864 1 -1.22602
1 21 3717 22.1924 30.2446 30.2434 0.0442529 1 -0.628495
1 22 93 22.7094 30.365 30.3607 0.323299 0 0
1 23 1609 21.7239 29.8604 29.862 0.0894784 1 -0.247114
1 24 0 nan nan nan nan 0 0
1 25 5172 21.9549 29.7229 29.7231 0.0498134 1 -0.108215
1 26 11092 21.8379 29.8712 29.8722 0.0234886 1 -0.257256
1 27 12193 22.0189 29.8779 29.8778 0.0259679 1 -0.262825
1 28 9359 21.6206 28.8991 28.9014 0.0278496 1 0.713515
1 29 9889 20.6 28.5991 28.6076 0.0351813 1 1.00733
1 30 19365 20.9803 28.8362 28.8424 0.0175967 1 0.772521
1 31 1868 20.2893 27.637 27.6474 0.0776816 1 1.96748
1 32 6541 19.6532 27.3154 27.3298 0.0330074 1 2.28517
1 33 7714 19.7694 27.1928 27.2064 0.0332947 1 2.40851
1 34 5242 21.6415 29.0775 29.0797 0.0471229 1 0.535274
1 35 3292 24.0272 31.5813 31.569 0.0720484 1 -1.95406
1 36 4394 20.8118 27.8966 27.9039 0.0403995 1 1.71104
1 37 4046 18.8267 27.2833 27.3027 0.0510984 1 2.31227
1 38 117 18.1942 26.549 26.5722 0.595992 1 3.04273
1 39 0 nan nan nan nan 0 0
1 40 0 nan nan nan nan 0 0
1 41 0 nan nan nan nan 0 0
1 42 0 nan nan nan nan 0 0
1 43 0 nan nan nan nan 0 0
1 44 0 nan nan nan nan 0 0
1 45 103 26.305 33.0876 33.0613 0.498185 1 -3.44641
1 46 696 25.8371 34.3773 34.3539 0.106627 1 -4.73902
1 47 370 25.4651 31.6614 31.6402 0.234511 1 -2.02532
1 48 541 25.4067 32.0269 32.0061 0.188114 1 -2.39121
1 49 221 24.3275 29.549 29.5348 0.285516 1 0.0800832
1 50 2378 24.4386 31.8086 31.7938 0.073193 1 -2.17883
1 51 526 24.5421 33.0118 32.9963 0.184282 1 -3.38136
1 52 617 25.6454 34.1023 34.0801 0.122432 1 -4.46516
1 53 27 24.8353 30.7955 30.7783 1.48666 0 0
1 54 1521 24.7101 32.556 32.5395 0.0840914 1 -2.92456
1 55 1289 25.4397 33.4739 33.4529 0.0910117 1 -3.83796
1 56 2896 26.1703 33.943 33.9176 0.0648371 1 -4.30267
1 57 2521 25.4485 33.0032 32.9822 0.0758816 1 -3.3673
1 58 3515 26.1274 33.2795 33.2543 0.0540029 1 -3.63942
1 59 1066 25.084 32.6611 32.6423 0.10973 1 -3.02733
1 60 1540 24.9836 32.0971 32.0789 0.0914657 1 -2.46395
1 61 178 23.7175 32.5217 32.5112 0.250295 1 -2.89627
1 62 3395 23.1186 30.4589 30.4521 0.0753155 1 -0.837174
1 63 2530 23.7411 30.0194 30.0088 0.124028 1 -0.393905
1 64 1503 24.4753 34.5656 34.5505 0.139373 1 -4.93559
1 65 1518 22.364 29.8987 29.8965 0.109633 1 -0.28155
1 66 12844 22.9827 30.5825 30.5765 0.0357092 1 -0.961605
1 67 2652 23.0665 31.7011 31.6946 0.0649521 1 -2.07963
1 68 6557 22.4457 30.4216 30.4189 0.0395105 1 -0.803951
1 69 1457 22.6952 30.2332 30.229 0.0828137 1 -0.614082
1 70 0 nan nan nan nan 0 0
1 71 0 nan nan nan nan 0 0
1 72 1 23.8585 35.9623 35.9509 nan 0 0
1 73 7 19.5453 29.4836 29.4985 3.70814 0 0
1 74 47 20.6948 27.7697 27.7777 0.408677 0 0
1 75 1940 20.7358 27.9694 27.9771 0.0754729 1 1.63782
1 76 8042 20.693 28.0607 28.0686 0.0313256 1 1.54629
1 77 13180 20.8077 28.0394 28.0467 0.0213192 1 1.56826
1 78 10829 19.6226 28.504 28.5185 0.0261256 1 1.09646
1 79 13926 22.2873 29.228 29.2263 0.0211181 1 0.388659
1 80 1503 20.775 26.9651 26.9725 0.0736961 1 2.64239
1 81 0 nan nan nan nan 0 0
1 82 0 nan nan nan nan 0 0
1 83 0 nan nan nan nan 0 0
2 0 0 nan nan nan nan 0 0
2 1 0 nan nan nan nan 0 0
2 2 1 24.4775 27.7816 27.7665 nan 0 0
2 3 6 25.8612 21.2093 21.1858 4.59911 0 0
2 4 329 25.0445 32.6273 32.6088 0.178344 1 -2.99384
2 5 101 24.6327 32.7874 32.7714 0.256132 1 -3.15647
2 6 536 22.8465 31.6772 31.6721 0.126527 1 -2.05715
2 7 102 23.7127 31.3399 31.3294 0.213258 1 -1.7145
2 8 923 23.7395 31.0361 31.0255 0.0993045 1 -1.41056
2 9 2582 23.8105 32.0313 32.0202 0.0487008 1 -2.4053
2 10 1831 22.5782 30.5068 30.5033 0.0627783 1 -0.88838
2 11 1656 24.2907 32.281 32.267 0.0646309 1 -2.65209
2 12 247 23.5008 31.3155 31.3064 0.224057 1 -1.69147
2 13 1784 24.5054 31.6919 31.6767 0.0710938 1 -2.06174
2 14 1379 24.6341 31.6842 31.6682 0.0811808 1 -2.05327
2 15 1639 23.3035 30.2651 30.2572 0.0768503 1 -0.642265
2 16 2574 23.1511 30.9146 30.9076 0.0507786 1 -1.29266
2 17 1608 23.4416 30.9823 30.9735 0.0678415 1 -1.35862
2 18 1310 23.1009 30.2714 30.2647 0.0869997 1 -0.649741
2 19 805 23.075 30.4274 30.4208 0.0935006 1 -0.805894
2 20 1165 22.5394 30.7235 30.7202 0.093633 1 -1.10524
2 21 3788 22.195 30.2425 30.2413 0.040752 1 -0.626353
2 22 1 19.8301 33.074 33.0873 nan 0 0
2 23 1130 22.3143 29.8896 29.8877 0.0889964 1 -0.272739
2 24 547 20.6543 30.2063 30.2145 0.155006 1 -0.599603
2 25 2617 22.0832 29.7139 29.7134 0.0551695 1 -0.0984893
2 26 4913 21.8614 29.2463 29.2472 0.0358443 1 0.367774
2 27 20350 21.9243 29.9514 29.9518 0.0171227 1 -0.336916
2 28 9743 21.6831 28.9794 28.9813 0.0264207 1 0.63363
2 29 8717 20.4874 28.2151 28.2244 0.0276122 1 1.39057
2 30 19847 20.9821 29.0288 29.035 0.0171745 1 0.579888
2 31 1490 21.1307 28.4483 28.4536 0.0937879 1 1.1613
2 32 6201 19.7537 27.656 27.6697 0.0328454 1 1.94525
2 33 7230 19.5467 26.5909 26.6059 0.0299712 1 3.00903
2 34 6183 21.0653 28.9294 28.9351 0.042465 1 0.679794
2 35 3917 23.7655 30.4847 30.474 0.0639324 1 -0.859059
2 36 3484 21.278 28.1257 28.1301 0.0471648 1 1.48482
2 37 4569 19.4205 27.6524 27.6682 0.0451037 1 1.94677
2 38 1009 18.2215 27.6066 27.6296 0.122934 1 1.9853
2 39 1 22.8179 38.5364 38.5314 nan 0 0
2 40 0 nan nan nan nan 0 0
2 41 0 nan nan nan nan 0 0
2 42 0 nan nan nan nan 0 0
2 43 0 nan nan nan nan 0 0
2 44 0 nan nan nan nan 0 0
2 45 799 25.8974 34.0337 34.01 0.0967638 1 -4.39507
2 46 0 nan nan nan nan 0 0
2 47 423 25.361 31.5481 31.5276 0.193715 1 -1.91271
2 48 496 25.5042 32.5128 32.4914 0.183734 1 -2.87652
2 49 243 23.9931 30.2578 30.2457 0.206729 1 -0.630773
2 50 2407 24.4743 32.1337 32.1187 0.0568709 1 -2.50373
2 51 1085 25.1587 34.2162 34.197 0.110129 1 -4.58206
2 52 0 nan nan nan nan 0 0
2 53 0 nan nan nan nan 0 0
2 54 1568 24.7261 32.8574 32.8408 0.0758975 1 -3.22587
2 55 1334 25.4315 33.427 33.406 0.0864591 1 -3.79112
2 56 2999 26.164 33.9664 33.941 0.0505988 1 -4.32611
2 57 2372 25.4203 32.8829 32.862 0.0618806 1 -3.24711
2 58 3542 26.1342 33.4177 33.3925 0.0503805 1 -3.77761
2 59 1111 25.0955 32.7475 32.7286 0.0837804 1 -3.1137
2 60 1445 24.9405 32.0195 32.0016 0.0801489 1 -2.3867
2 61 246 23.5756 31.0391 31.0295 0.20255 1 -1.41462
2 62 3308 23.1454 30.6791 30.6721 0.0567962 1 -1.05716
2 63 1993 23.5305 30.3606 30.3513 0.0713355 1 -0.736356
2 64 2028 24.4428 30.8202 30.8053 0.11104 1 -1.19036
2 65 1275 22.1186 29.6658 29.6651 0.104987 1 -0.0501523
2 66 12569 22.9896 30.2239 30.2178 0.0272898 1 -0.602908
2 67 3113 23.0869 31.7529 31.7463 0.0555452 1 -2.13135
2 68 5650 22.4148 30.2218 30.2193 0.0395989 1 -0.604334
2 69 2455 22.6831 30.2743 30.2702 0.0594291 1 -0.655242
2 70 0 nan nan nan nan 0 0
2 71 0 nan nan nan nan 0 0
2 72 0 nan nan nan nan 0 0
2 73 6 19.861 37.2546 37.2677 5.74943 0 0
2 74 33 20.5604 30.9919 31.0006 1.4868 0 0
2 75 26 21.38 32.5362 32.54 1.65835 0 0
2 76 7145 20.8069 27.9973 28.0046 0.0346719 1 1.61031
2 77 9946 20.8223 28.0691 28.0763 0.0237035 1 1.53864
2 78 14974 19.9167 28.3191 28.3318 0.0247469 1 1.28309
2 79 13566 22.0599 29.1833 29.183 0.0186901 1 0.431957
2 80 3779 21.5651 27.7202 27.7228 0.0457173 1 1.89208
2 81 0 nan nan nan nan 0 0
2 82 0 nan nan nan nan 0 0
2 83 0 nan nan nan nan 0 0
