# CDet half-bar intercept alignment at common ECal time
# reference_ecal_time_ns 22
# common_within_slope_ns_per_ns -6.10167e-05
# detector_reference_ns 29.6304
# layer half_bar entries mean_ecal_ns mean_cdet_ns projected_cdet_at_reference_ns intercept_error_ns valid proposed_offset_increment_ns
1 0 0 nan nan nan nan 0 0
1 1 0 nan nan nan nan 0 0
1 2 0 nan nan nan nan 0 0
1 3 4 25.1516 17.3217 17.3218 5.2104 0 0
1 4 274 25.1583 29.6315 29.6317 0.199351 1 -0.00129485
1 5 157 24.6362 29.7473 29.7475 0.394629 1 -0.117085
1 6 538 22.8338 29.4597 29.4597 0.204215 1 0.170666
1 7 0 nan nan nan nan 0 0
1 8 896 23.8051 29.6325 29.6326 0.082621 1 -0.00221225
1 9 2475 23.7926 29.6436 29.6437 0.0526719 1 -0.0133231
1 10 2028 22.6923 29.6287 29.6288 0.0581294 1 0.00159795
1 11 1350 24.153 29.647 29.6471 0.0822846 1 -0.0167439
1 12 601 24.2462 29.6335 29.6337 0.13693 1 -0.00330103
1 13 1728 24.4988 29.639 29.6392 0.0787915 1 -0.0087798
1 14 1259 24.5863 29.637 29.6371 0.0808046 1 -0.00677517
1 15 1718 23.4434 29.6467 29.6468 0.0797188 1 -0.0164211
1 16 2578 23.1499 29.641 29.6411 0.0559036 1 -0.0107197
1 17 1627 23.494 29.6369 29.637 0.0703562 1 -0.00662562
1 18 1371 23.0745 29.6648 29.6649 0.0882643 1 -0.034536
1 19 804 23.0668 29.6277 29.6277 0.108578 1 0.0026502
1 20 1197 22.5377 29.6751 29.6751 0.0836973 1 -0.0447722
1 21 3715 22.1935 29.6308 29.6308 0.0442732 1 -0.000432451
1 22 94 22.6775 30.3164 30.3165 0.325713 0 0
1 23 1609 21.7239 29.6314 29.6313 0.0894757 1 -0.000970229
1 24 0 nan nan nan nan 0 0
1 25 5172 21.9549 29.6329 29.6329 0.04981 1 -0.00256232
1 26 11095 21.8377 29.6356 29.6356 0.0236195 1 -0.00520671
1 27 12194 22.0182 29.6397 29.6397 0.0259888 1 -0.00937311
1 28 9357 21.6206 29.6306 29.6305 0.0278556 1 -0.00015287
1 29 9897 20.6006 29.6612 29.6611 0.0354128 1 -0.0307304
1 30 19367 20.9806 29.6263 29.6262 0.0177381 1 0.00418394
1 31 1869 20.2935 29.5876 29.5875 0.0802613 1 0.0428964
1 32 6543 19.6543 29.6214 29.6213 0.0333649 1 0.00912047
1 33 7716 19.7683 29.6237 29.6236 0.0330022 1 0.00676288
1 34 5240 21.6413 29.63 29.6299 0.0472472 1 0.000440246
1 35 3298 24.0268 29.6491 29.6492 0.0723676 1 -0.0188073
1 36 4393 20.8089 29.6192 29.6191 0.0405778 1 0.0112776
1 37 4047 18.8267 29.6204 29.6202 0.051474 1 0.0101755
1 38 117 18.1942 29.6275 29.6272 0.595935 1 0.00312891
1 39 0 nan nan nan nan 0 0
1 40 0 nan nan nan nan 0 0
1 41 0 nan nan nan nan 0 0
1 42 0 nan nan nan nan 0 0
1 43 0 nan nan nan nan 0 0
1 44 0 nan nan nan nan 0 0
1 45 102 26.3323 29.3206 29.3209 0.441152 1 0.309464
1 46 695 25.8367 29.6348 29.635 0.106802 1 -0.00463462
1 47 371 25.4586 29.5999 29.6001 0.237234 1 0.0302836
1 48 541 25.4067 29.6354 29.6356 0.188092 1 -0.00524687
1 49 220 24.3312 29.6187 29.6189 0.286354 1 0.0115013
1 50 2380 24.4399 29.597 29.5971 0.0731462 1 0.033249
1 51 525 24.5392 29.6372 29.6374 0.184578 1 -0.0070011
1 52 617 25.6454 29.6357 29.6359 0.122406 1 -0.00552315
1 53 29 24.4854 29.6167 29.6168 1.58168 0 0
1 54 1522 24.7065 29.624 29.6242 0.0843526 1 0.00622367
1 55 1290 25.4396 29.6336 29.6338 0.090969 1 -0.00347133
1 56 2895 26.1706 29.6373 29.6375 0.0648715 1 -0.0071415
1 57 2519 25.447 29.6336 29.6338 0.0754435 1 -0.0034266
1 58 3514 26.1278 29.6368 29.637 0.0533659 1 -0.00664432
1 59 1065 25.0848 29.6487 29.6489 0.106062 1 -0.0185587
1 60 1539 24.9833 29.6335 29.6337 0.0915092 1 -0.00333008
1 61 178 23.7175 29.6336 29.6337 0.2503 1 -0.0032847
1 62 3390 23.1192 29.6091 29.6092 0.0745362 1 0.0211939
1 63 2530 23.7526 29.5195 29.5196 0.123108 1 0.110777
1 64 1515 24.4381 30.1428 30.1429 0.143826 1 -0.51255
1 65 1518 22.3633 29.6383 29.6383 0.109797 1 -0.00797587
1 66 12851 22.9821 29.6587 29.6587 0.0358821 1 -0.0283614
1 67 2653 23.067 29.639 29.6391 0.0652132 1 -0.0086847
1 68 6555 22.4454 29.6276 29.6277 0.039318 1 0.00271228
1 69 1457 22.6952 29.6324 29.6325 0.082802 1 -0.00209832
1 70 0 nan nan nan nan 0 0
1 71 0 nan nan nan nan 0 0
1 72 1 23.8585 35.9697 35.9698 nan 0 0
1 73 7 19.5453 29.5126 29.5124 3.70864 0 0
1 74 47 20.6948 27.793 27.7929 0.408546 0 0
1 75 1941 20.7385 29.6316 29.6315 0.075494 1 -0.00112351
1 76 8041 20.6933 29.6269 29.6268 0.0315002 1 0.00359727
1 77 13179 20.8077 29.6276 29.6275 0.0214272 1 0.00286714
1 78 10836 19.6245 29.6159 29.6157 0.0267864 1 0.0146583
1 79 13923 22.2861 29.6342 29.6342 0.0211049 1 -0.00382273
1 80 1504 20.7858 29.5819 29.5818 0.0765457 1 0.0485887
1 81 0 nan nan nan nan 0 0
1 82 0 nan nan nan nan 0 0
1 83 0 nan nan nan nan 0 0
2 0 0 nan nan nan nan 0 0
2 1 0 nan nan nan nan 0 0
2 2 1 24.4775 27.786 27.7861 nan 0 0
2 3 6 25.8612 21.2068 21.207 4.59974 0 0
2 4 329 25.0445 29.635 29.6352 0.178362 1 -0.00482537
2 5 100 24.6205 29.6609 29.661 0.257332 1 -0.0306463
2 6 534 22.8337 29.672 29.6721 0.126538 1 -0.0417097
2 7 102 23.7127 29.6647 29.6648 0.21535 1 -0.0344317
2 8 923 23.7395 29.6273 29.6274 0.09935 1 0.00293438
2 9 2584 23.805 29.6194 29.6195 0.0483749 1 0.0108791
2 10 1831 22.5826 29.594 29.594 0.0630209 1 0.0363653
2 11 1653 24.299 29.657 29.6571 0.0643531 1 -0.0267566
2 12 246 23.4581 29.6127 29.6128 0.224728 1 0.0175413
2 13 1784 24.5054 29.6276 29.6277 0.0711535 1 0.00266604
2 14 1379 24.6328 29.6347 29.6349 0.0808477 1 -0.00448956
2 15 1639 23.3097 29.5947 29.5948 0.0776315 1 0.0355569
2 16 2574 23.1511 29.6325 29.6326 0.0507944 1 -0.00218209
2 17 1609 23.4429 29.6323 29.6324 0.0678315 1 -0.00203626
2 18 1308 23.0969 29.6484 29.6485 0.084637 1 -0.0181079
2 19 804 23.0779 29.6585 29.6586 0.0911823 1 -0.0281788
2 20 1165 22.5427 29.664 29.6641 0.0955425 1 -0.0336784
2 21 3787 22.195 29.6331 29.6332 0.0407518 1 -0.00277897
2 22 1 19.8301 33.1016 33.1015 nan 0 0
2 23 1130 22.3169 29.6327 29.6327 0.0889911 1 -0.00229701
2 24 547 20.649 29.6452 29.6451 0.155493 1 -0.01476
2 25 2620 22.0821 29.6317 29.6317 0.0551163 1 -0.00128946
2 26 4900 21.8635 29.6079 29.6079 0.0360591 1 0.0225157
2 27 20360 21.9238 29.6317 29.6317 0.0171173 1 -0.00133606
2 28 9745 21.682 29.633 29.633 0.0263824 1 -0.00265431
2 29 8724 20.4885 29.6271 29.627 0.0276212 1 0.00339192
2 30 19853 20.9828 29.6304 29.6303 0.0172518 1 7.731e-05
2 31 1490 21.125 29.6218 29.6218 0.0953589 1 0.00859849
2 32 6200 19.7547 29.6258 29.6257 0.0334129 1 0.00471929
2 33 7230 19.5474 29.6196 29.6194 0.0303159 1 0.0109491
2 34 6190 21.0598 29.6755 29.6754 0.0430046 1 -0.0450317
2 35 3914 23.7769 29.6274 29.6275 0.0637713 1 0.002895
2 36 3487 21.277 29.6208 29.6207 0.0477524 1 0.00965886
2 37 4569 19.4183 29.6296 29.6294 0.0454667 1 0.000934925
2 38 1009 18.2215 29.642 29.6417 0.122414 1 -0.0113617
2 39 1 22.8179 38.5491 38.5491 nan 0 0
2 40 0 nan nan nan nan 0 0
2 41 0 nan nan nan nan 0 0
2 42 0 nan nan nan nan 0 0
2 43 0 nan nan nan nan 0 0
2 44 0 nan nan nan nan 0 0
2 45 797 25.9001 29.5917 29.592 0.0970326 1 0.0384201
2 46 0 nan nan nan nan 0 0
2 47 422 25.3694 29.6155 29.6157 0.194828 1 0.0146742
2 48 498 25.4918 29.714 29.7142 0.181934 1 -0.0838262
2 49 243 23.9983 29.6925 29.6927 0.206472 1 -0.0622923
2 50 2408 24.483 29.6351 29.6353 0.0566628 1 -0.00491651
2 51 1084 25.1411 29.7014 29.7016 0.109295 1 -0.0712348
2 52 0 nan nan nan nan 0 0
2 53 0 nan nan nan nan 0 0
2 54 1573 24.7196 29.6498 29.65 0.075705 1 -0.0196336
2 55 1332 25.4287 29.6327 29.6329 0.0867003 1 -0.00254416
2 56 2999 26.1639 29.6489 29.6492 0.0495566 1 -0.0188222
2 57 2371 25.4187 29.6295 29.6297 0.0619218 1 0.000663707
2 58 3539 26.1351 29.6563 29.6566 0.0496126 1 -0.026203
2 59 1108 25.0948 29.6624 29.6626 0.0797086 1 -0.0322273
2 60 1447 24.9418 29.6336 29.6337 0.0801187 1 -0.00335675
2 61 250 23.543 29.5851 29.5852 0.199491 1 0.0452122
2 62 3300 23.1463 29.6481 29.6481 0.057581 1 -0.0177484
2 63 1984 23.5456 29.6281 29.6282 0.0706643 1 0.00217117
2 64 2054 24.423 29.3606 29.3607 0.107907 1 0.26965
2 65 1270 22.0916 29.5882 29.5882 0.104788 1 0.0422009
2 66 12575 22.9908 29.6056 29.6057 0.0273591 1 0.0246991
2 67 3109 23.0769 29.646 29.646 0.0558748 1 -0.0156554
2 68 5652 22.4172 29.6265 29.6265 0.039611 1 0.00383177
2 69 2456 22.6829 29.6309 29.631 0.059417 1 -0.000581443
2 70 0 nan nan nan nan 0 0
2 71 0 nan nan nan nan 0 0
2 72 0 nan nan nan nan 0 0
2 73 6 19.861 37.2821 37.2819 5.74997 0 0
2 74 33 20.5604 31.0158 31.0157 1.48667 0 0
2 75 27 21.5491 33.2066 33.2066 1.72334 0 0
2 76 7145 20.8074 29.6226 29.6225 0.0348263 1 0.00788963
2 77 9946 20.8225 29.6281 29.628 0.0238602 1 0.00232451
2 78 14976 19.9179 29.6104 29.6102 0.0250425 1 0.0201394
2 79 13575 22.0608 29.6322 29.6322 0.0186891 1 -0.0017903
2 80 3771 21.5579 29.608 29.608 0.0454126 1 0.0223975
2 81 0 nan nan nan nan 0 0
2 82 0 nan nan nan nan 0 0
2 83 0 nan nan nan nan 0 0
