# CDet half-bar intercept alignment at common ECal time
# reference_ecal_time_ns 22
# common_within_slope_ns_per_ns -0.000309875
# detector_reference_ns 28.4241
# layer half_bar entries mean_ecal_ns mean_cdet_ns projected_cdet_at_reference_ns intercept_error_ns valid proposed_offset_increment_ns
1 0 0 nan nan nan nan 0 0
1 1 0 nan nan nan nan 0 0
1 2 0 nan nan nan nan 0 0
1 3 11 24.4029 26.9497 26.9505 1.43664 0 0
1 4 266 25.1195 28.4071 28.4081 0.154025 1 0.0159668
1 5 146 24.3581 29.0398 29.0405 0.298962 1 -0.616479
1 6 480 22.7865 28.4183 28.4185 0.132011 1 0.00555947
1 7 0 nan nan nan nan 0 0
1 8 999 23.6947 28.4113 28.4118 0.0680755 1 0.0122329
1 9 2345 23.7521 28.4339 28.4344 0.0456645 1 -0.0103649
1 10 2088 22.8552 28.4216 28.4219 0.0491725 1 0.00216391
1 11 1261 24.0634 28.4431 28.4438 0.0567698 1 -0.019687
1 12 532 24.329 28.5305 28.5313 0.110934 1 -0.107194
1 13 1551 24.4278 28.43 28.4308 0.0760986 1 -0.00671612
1 14 1130 24.4992 28.4515 28.4523 0.0673136 1 -0.0282097
1 15 1507 23.575 28.4353 28.4358 0.0724613 1 -0.0117365
1 16 2377 23.1315 28.4176 28.4179 0.0531867 1 0.00612006
1 17 1579 23.4064 28.4341 28.4345 0.0582076 1 -0.0104394
1 18 1276 23.0811 28.4288 28.4292 0.0714419 1 -0.00510937
1 19 780 22.8627 28.4131 28.4134 0.0830763 1 0.0106523
1 20 1025 22.4661 28.4558 28.456 0.0699356 1 -0.0318834
1 21 3326 22.2296 28.4119 28.412 0.0381423 1 0.0120739
1 22 92 22.8364 29.7759 29.7761 0.33331 0 0
1 23 1437 21.829 28.4502 28.4501 0.0783478 1 -0.0260466
1 24 0 nan nan nan nan 0 0
1 25 5304 21.9189 28.4223 28.4223 0.0440601 1 0.00179499
1 26 10233 21.8604 28.4358 28.4357 0.0265546 1 -0.0116722
1 27 9428 22.0293 28.4178 28.4178 0.0242696 1 0.00630117
1 28 8405 21.5326 28.3928 28.3926 0.0255287 1 0.031423
1 29 10298 20.6627 28.4292 28.4288 0.0335119 1 -0.00473496
1 30 19405 20.9776 28.4063 28.406 0.0152803 1 0.0180346
1 31 1684 20.212 28.3375 28.3369 0.0659004 1 0.0871372
1 32 6016 19.647 28.3472 28.3465 0.0300162 1 0.0775891
1 33 7032 19.7467 28.3389 28.3382 0.0280641 1 0.0858343
1 34 6080 21.6802 28.3762 28.3761 0.0386279 1 0.0479916
1 35 3077 23.6301 28.4569 28.4574 0.055373 1 -0.0333463
1 36 4905 20.5591 28.3407 28.3403 0.0340488 1 0.0837791
1 37 3938 18.9948 28.33 28.329 0.0437176 1 0.0950423
1 38 173 18.1924 28.4169 28.4157 0.469902 1 0.00835857
1 39 1 20.986 30.3195 30.3192 nan 0 0
1 40 0 nan nan nan nan 0 0
1 41 0 nan nan nan nan 0 0
1 42 0 nan nan nan nan 0 0
1 43 0 nan nan nan nan 0 0
1 44 5 25.7874 31.4843 31.4854 3.03027 0 0
1 45 104 26.2989 28.4806 28.4819 0.358167 1 -0.0578175
1 46 644 25.7417 28.5201 28.5212 0.0989801 1 -0.0971611
1 47 323 25.267 28.8127 28.8137 0.210569 1 -0.389595
1 48 501 25.4569 28.6571 28.6582 0.156162 1 -0.234119
1 49 180 24.1079 28.4032 28.4038 0.251967 1 0.0202633
1 50 2853 24.3742 28.555 28.5558 0.0594267 1 -0.131712
1 51 352 24.7717 28.5532 28.5541 0.148258 1 -0.130041
1 52 552 25.7591 28.5057 28.5069 0.10717 1 -0.0828189
1 53 38 24.8396 26.9921 26.993 0.798221 0 0
1 54 1451 24.7279 28.4956 28.4965 0.0679047 1 -0.072412
1 55 1214 25.4641 28.6106 28.6117 0.0772851 1 -0.187648
1 56 2584 26.0396 28.6943 28.6955 0.0600902 1 -0.271475
1 57 2022 25.5777 28.6443 28.6454 0.072062 1 -0.221362
1 58 3036 26.0561 28.4807 28.4819 0.0491383 1 -0.0578608
1 59 833 25.1191 28.6552 28.6561 0.103245 1 -0.232053
1 60 1152 24.9166 28.5571 28.558 0.0860976 1 -0.133902
1 61 145 23.7984 28.498 28.4985 0.227779 1 -0.0744556
1 62 3401 23.1044 28.525 28.5253 0.0639794 1 -0.101251
1 63 2502 23.723 29.1933 29.1938 0.107745 1 -0.769726
1 64 1196 24.2724 29.7193 29.72 0.122718 1 -1.2959
1 65 1829 22.3822 28.4383 28.4384 0.0810459 1 -0.0143022
1 66 11543 23.018 28.5289 28.5292 0.0292502 1 -0.105128
1 67 2137 23.0709 28.4442 28.4446 0.0560955 1 -0.020486
1 68 6009 22.4224 28.4463 28.4464 0.033563 1 -0.0223233
1 69 1057 22.6074 28.4881 28.4883 0.0834065 1 -0.0642487
1 70 0 nan nan nan nan 0 0
1 71 2 21.8458 27.9571 27.9571 4.562 0 0
1 72 1 22.4036 28.4705 28.4707 nan 0 0
1 73 13 20.957 31.6146 31.6143 0.695874 0 0
1 74 51 20.4335 26.6565 26.6561 0.431634 0 0
1 75 2084 20.803 28.3565 28.3561 0.059435 1 0.0679523
1 76 8474 20.7145 28.3656 28.3652 0.0256302 1 0.0588563
1 77 15078 20.4535 28.3861 28.3856 0.016335 1 0.0384589
1 78 12328 20.1591 28.3898 28.3893 0.018141 1 0.034809
1 79 14668 22.2097 28.4049 28.405 0.0152339 1 0.0190984
1 80 2081 21.3192 28.3472 28.347 0.0523787 1 0.0770889
1 81 0 nan nan nan nan 0 0
1 82 0 nan nan nan nan 0 0
1 83 0 nan nan nan nan 0 0
2 0 0 nan nan nan nan 0 0
2 1 0 nan nan nan nan 0 0
2 2 2 26.753 26.2768 26.2782 0.494412 0 0
2 3 19 25.9062 28.0138 28.015 0.363795 0 0
2 4 305 24.97 28.4486 28.4496 0.112945 1 -0.0255017
2 5 95 24.2159 28.4257 28.4264 0.230784 0 0
2 6 475 22.7958 28.4726 28.4729 0.0979319 1 -0.048828
2 7 97 23.7273 30.4946 30.4951 0.227312 0 0
2 8 1014 23.6144 28.45 28.4505 0.0751347 1 -0.0264003
2 9 2434 23.7716 28.4342 28.4348 0.0445416 1 -0.010702
2 10 1923 22.7771 28.4088 28.409 0.0506846 1 0.0150727
2 11 1537 24.213 28.5068 28.5075 0.0554037 1 -0.0834035
2 12 218 23.7319 28.4356 28.4362 0.171732 1 -0.0121098
2 13 1607 24.4453 28.431 28.4317 0.0729677 1 -0.00767798
2 14 1197 24.5581 28.5 28.5008 0.0683002 1 -0.0767231
2 15 1474 23.4481 28.4217 28.4221 0.067747 1 0.0019447
2 16 2367 23.1304 28.4236 28.4239 0.0461556 1 0.000166115
2 17 1564 23.3652 28.4199 28.4203 0.0613801 1 0.00372407
2 18 1214 23.0931 28.4112 28.4115 0.0718188 1 0.0125461
2 19 762 22.9336 28.4172 28.4175 0.0776671 1 0.00654594
2 20 1019 22.4698 28.5928 28.5929 0.100492 1 -0.168858
2 21 3387 22.2278 28.4072 28.4073 0.0362337 1 0.0168125
2 22 2 21.005 38.1354 38.1351 4.5415 0 0
2 23 1070 22.1938 28.4378 28.4379 0.0861894 1 -0.0138128
2 24 471 21.2095 28.409 28.4088 0.128942 1 0.0152689
2 25 2528 22.0519 28.4094 28.4094 0.0428912 1 0.0146739
2 26 5174 21.8909 28.3756 28.3756 0.0299998 1 0.0484816
2 27 16951 21.9258 28.4118 28.4117 0.0155068 1 0.0123201
2 28 8577 21.5663 28.3993 28.3991 0.0235004 1 0.0249448
2 29 9135 20.5795 28.3739 28.3735 0.0227145 1 0.050614
2 30 19973 20.9876 28.4017 28.4014 0.0143181 1 0.0226699
2 31 1192 20.9825 28.3821 28.3818 0.07591 1 0.0422724
2 32 6072 19.7467 28.3688 28.3681 0.0310106 1 0.0559819
2 33 6074 19.5102 28.328 28.3272 0.0275834 1 0.0968625
2 34 6945 21.082 28.4475 28.4472 0.0372042 1 -0.0231779
2 35 3798 23.4905 28.4626 28.463 0.048129 1 -0.0389735
2 36 3963 21.0225 28.3531 28.3528 0.0371831 1 0.0712779
2 37 4494 19.4193 28.3033 28.3025 0.0405738 1 0.121615
2 38 1043 18.3613 28.3419 28.3408 0.0934303 1 0.0832897
2 39 15 19.5503 37.6616 37.6609 0.80138 0 0
2 40 0 nan nan nan nan 0 0
2 41 0 nan nan nan nan 0 0
2 42 0 nan nan nan nan 0 0
2 43 0 nan nan nan nan 0 0
2 44 5 25.8412 35.8355 35.8366 2.35104 0 0
2 45 747 25.82 28.5104 28.5116 0.0900916 1 -0.0875024
2 46 0 nan nan nan nan 0 0
2 47 360 25.168 28.6918 28.6928 0.181201 1 -0.268717
2 48 470 25.5518 28.6869 28.688 0.162276 1 -0.263923
2 49 204 23.9789 28.5415 28.5421 0.206044 1 -0.118079
2 50 2755 24.4371 28.4646 28.4653 0.0484855 1 -0.0412736
2 51 973 25.151 28.5707 28.5717 0.0872425 1 -0.147597
2 52 0 nan nan nan nan 0 0
2 53 0 nan nan nan nan 0 0
2 54 1534 24.7621 28.4825 28.4833 0.0635527 1 -0.0592791
2 55 1211 25.4099 28.519 28.5201 0.0707721 1 -0.0960353
2 56 2736 26.0758 28.4764 28.4776 0.043817 1 -0.0535519
2 57 1806 25.4966 28.4857 28.4867 0.0574363 1 -0.0626667
2 58 3101 26.0671 28.4722 28.4735 0.0442166 1 -0.0494316
2 59 840 25.1053 28.4509 28.4519 0.0748694 1 -0.0278254
2 60 1095 24.8777 28.4697 28.4706 0.0763251 1 -0.0465432
2 61 248 23.6167 28.5414 28.5419 0.170695 1 -0.117821
2 62 3327 23.1095 28.4426 28.4429 0.0454477 1 -0.0188528
2 63 1828 23.5114 28.5056 28.5061 0.0651533 1 -0.0819947
2 64 1796 24.3313 28.3309 28.3317 0.104272 1 0.0923987
2 65 1528 22.1474 28.4142 28.4143 0.0643776 1 0.00979799
2 66 11417 23.0292 28.4237 28.424 0.0203373 1 7.29933e-05
2 67 2570 23.0654 28.4841 28.4845 0.050083 1 -0.0603903
2 68 5127 22.4097 28.4174 28.4176 0.0342831 1 0.00649686
2 69 1986 22.5652 28.4596 28.4597 0.0591973 1 -0.0356778
2 70 1 18.8616 35.9403 35.9393 nan 0 0
2 71 0 nan nan nan nan 0 0
2 72 1 25.8858 35.8062 35.8074 nan 0 0
2 73 5 19.6092 39.3119 39.3112 1.06419 0 0
2 74 41 20.6038 32.6742 32.6737 0.998423 0 0
2 75 31 21.1433 33.6751 33.6748 0.854464 0 0
2 76 7586 20.8153 28.358 28.3576 0.0284044 1 0.0664799
2 77 10630 20.6791 28.3759 28.3755 0.0194325 1 0.0485326
2 78 17674 20.0988 28.3863 28.3857 0.0185145 1 0.0383874
2 79 14543 22.0228 28.4092 28.4093 0.0145378 1 0.0148156
2 80 4256 21.6643 28.3456 28.3455 0.0341385 1 0.0785763
2 81 11 20.7004 31.5928 31.5924 1.15355 0 0
2 82 0 nan nan nan nan 0 0
2 83 0 nan nan nan nan 0 0
