# CDet half-bar intercept alignment at common ECal time
# reference_ecal_time_ns 22
# common_within_slope_ns_per_ns 0.00127071
# detector_reference_ns 29.3989
# layer half_bar entries mean_ecal_ns mean_cdet_ns projected_cdet_at_reference_ns intercept_error_ns valid proposed_offset_increment_ns
1 0 0 nan nan nan nan 0 0
1 1 0 nan nan nan nan 0 0
1 2 0 nan nan nan nan 0 0
1 3 10 24.7935 26.4514 26.4478 0.468171 0 0
1 4 266 25.1404 29.3719 29.3679 0.184063 1 0.030998
1 5 154 24.3084 30.5409 30.538 0.319687 1 -1.13908
1 6 514 22.8256 29.8388 29.8377 0.182161 1 -0.438848
1 7 0 nan nan nan nan 0 0
1 8 998 23.697 29.7028 29.7006 0.0672553 1 -0.301748
1 9 2348 23.7486 29.3775 29.3753 0.0455567 1 0.0236184
1 10 2087 22.8598 29.3641 29.363 0.0492196 1 0.0359135
1 11 1263 24.0601 29.3024 29.2998 0.0644867 1 0.0991161
1 12 534 24.3478 29.216 29.2131 0.121858 1 0.185815
1 13 1554 24.428 29.1721 29.169 0.0745249 1 0.229844
1 14 1145 24.506 29.3638 29.3606 0.0687753 1 0.0382532
1 15 1512 23.5804 29.2047 29.2027 0.0741251 1 0.196196
1 16 2373 23.1287 29.3726 29.3712 0.0507181 1 0.0277005
1 17 1580 23.4084 29.4104 29.4086 0.0626418 1 -0.0097484
1 18 1280 23.0725 29.3905 29.3892 0.0777037 1 0.00970215
1 19 782 22.8924 29.4304 29.4293 0.0995017 1 -0.0304096
1 20 1000 22.4835 29.1655 29.1648 0.0740802 1 0.234029
1 21 3327 22.2274 29.1748 29.1745 0.0386232 1 0.224402
1 22 91 22.8088 30.1339 30.1328 0.352365 0 0
1 23 1437 21.825 29.1934 29.1936 0.0827361 1 0.20529
1 24 0 nan nan nan nan 0 0
1 25 5305 21.9174 29.3393 29.3394 0.0441931 1 0.0594407
1 26 10003 21.8695 29.5827 29.5829 0.0271908 1 -0.184033
1 27 9435 22.0277 29.0509 29.0509 0.024487 1 0.347999
1 28 8415 21.535 29.3618 29.3624 0.0251883 1 0.0364536
1 29 10317 20.6621 29.4354 29.4371 0.0328636 1 -0.0382693
1 30 19440 20.9806 29.5429 29.5442 0.0153232 1 -0.14533
1 31 1688 20.2073 29.4425 29.4448 0.0643535 1 -0.045896
1 32 6015 19.6461 28.9662 28.9692 0.0297505 1 0.429676
1 33 7037 19.7439 29.3805 29.3834 0.0300272 1 0.0154896
1 34 6105 21.6821 29.2225 29.2229 0.0387424 1 0.176
1 35 3066 23.6329 29.5623 29.5603 0.0658566 1 -0.161379
1 36 4911 20.565 29.5049 29.5067 0.0338659 1 -0.107803
1 37 3938 18.9976 29.3925 29.3963 0.0463447 1 0.00254369
1 38 168 18.2006 32.1625 32.1673 0.455401 1 -2.76848
1 39 1 20.986 31.1969 31.1982 nan 0 0
1 40 0 nan nan nan nan 0 0
1 41 0 nan nan nan nan 0 0
1 42 0 nan nan nan nan 0 0
1 43 0 nan nan nan nan 0 0
1 44 5 25.7874 32.3674 32.3626 3.03417 0 0
1 45 108 26.2918 29.1816 29.1762 0.344217 1 0.222676
1 46 640 25.7394 29.1498 29.1451 0.104374 1 0.253787
1 47 329 25.3298 29.7405 29.7362 0.218967 1 -0.337373
1 48 504 25.5016 29.591 29.5865 0.166975 1 -0.18766
1 49 183 24.1079 29.7256 29.723 0.274662 1 -0.324087
1 50 2883 24.3713 29.8675 29.8645 0.0607742 1 -0.465586
1 51 345 24.7327 29.24 29.2365 0.161657 1 0.162365
1 52 544 25.7509 29.2941 29.2894 0.11331 1 0.109511
1 53 39 24.9854 30.0482 30.0444 0.758667 0 0
1 54 1452 24.7347 29.5169 29.5134 0.0751855 1 -0.114573
1 55 1210 25.4661 29.4729 29.4685 0.0775671 1 -0.0696662
1 56 2585 26.0435 29.5704 29.5653 0.0594017 1 -0.16638
1 57 2028 25.5843 29.5153 29.5107 0.0718148 1 -0.111837
1 58 3041 26.0562 29.3847 29.3796 0.0497209 1 0.0193136
1 59 849 25.1213 29.4176 29.4136 0.101396 1 -0.0147742
1 60 1156 24.926 29.2119 29.2082 0.0898211 1 0.190679
1 61 147 23.7678 29.0857 29.0834 0.232069 1 0.315429
1 62 3399 23.1156 29.7126 29.7112 0.0621441 1 -0.312318
1 63 2531 23.7455 30.3355 30.3333 0.100686 1 -0.93438
1 64 1199 24.2872 30.5916 30.5887 0.1231 1 -1.18983
1 65 1881 22.4224 29.7035 29.703 0.0768661 1 -0.304087
1 66 11614 22.9828 29.6268 29.6255 0.0294624 1 -0.226671
1 67 2141 23.0717 29.0154 29.014 0.0571536 1 0.384852
1 68 6015 22.4254 29.2699 29.2694 0.0342702 1 0.129482
1 69 1062 22.6065 28.9645 28.9638 0.0875866 1 0.435096
1 70 0 nan nan nan nan 0 0
1 71 2 21.8458 28.847 28.8472 4.56346 0 0
1 72 1 22.4036 41.4582 41.4577 nan 0 0
1 73 13 20.957 32.49 32.4913 0.693888 0 0
1 74 53 20.3631 27.3835 27.3856 0.395631 0 0
1 75 2089 20.8006 29.3106 29.3121 0.0594173 1 0.086768
1 76 8479 20.7159 29.3035 29.3052 0.0255157 1 0.0937168
1 77 15103 20.4556 29.43 29.4319 0.0161395 1 -0.0330495
1 78 12336 20.1558 29.1998 29.2022 0.0192 1 0.196695
1 79 14696 22.2115 29.4387 29.4384 0.0167213 1 -0.0395376
1 80 2085 21.3218 29.9674 29.9683 0.0554662 1 -0.5694
1 81 0 nan nan nan nan 0 0
1 82 0 nan nan nan nan 0 0
1 83 0 nan nan nan nan 0 0
2 0 0 nan nan nan nan 0 0
2 1 0 nan nan nan nan 0 0
2 2 2 26.753 27.1661 27.16 0.496211 0 0
2 3 19 25.9062 28.904 28.899 0.363891 0 0
2 4 305 24.9884 29.3876 29.3838 0.12792 1 0.0150294
2 5 103 24.1665 29.3583 29.3556 0.239322 1 0.0433111
2 6 508 22.8363 29.426 29.4249 0.0998655 1 -0.0260476
2 7 97 23.7573 29.6487 29.6465 0.201583 0 0
2 8 1014 23.6119 29.8182 29.8162 0.0759501 1 -0.417297
2 9 2436 23.7666 29.554 29.5518 0.0449326 1 -0.152931
2 10 1921 22.7811 29.5168 29.5158 0.0503255 1 -0.116957
2 11 1542 24.2237 29.5076 29.5048 0.056691 1 -0.105928
2 12 217 23.6967 29.3373 29.3351 0.186419 1 0.0637654
2 13 1611 24.447 29.2008 29.1977 0.0694743 1 0.20122
2 14 1216 24.5703 29.3202 29.3169 0.0689535 1 0.0819366
2 15 1471 23.4491 29.4362 29.4343 0.0705772 1 -0.035456
2 16 2370 23.1279 29.2824 29.281 0.0450821 1 0.117881
2 17 1564 23.3645 29.4723 29.4706 0.060512 1 -0.0717265
2 18 1214 23.09 29.4139 29.4125 0.0720017 1 -0.0136265
2 19 763 22.9373 29.3835 29.3823 0.0750161 1 0.0165424
2 20 1000 22.4891 29.1861 29.1854 0.0864253 1 0.213433
2 21 3385 22.2291 29.2515 29.2513 0.0359641 1 0.14762
2 22 2 21.005 39.0262 39.0275 4.54498 0 0
2 23 1070 22.2006 29.5215 29.5212 0.0894985 1 -0.12237
2 24 469 21.1618 29.4279 29.4289 0.127332 1 -0.0300659
2 25 2453 22.0518 29.1413 29.1413 0.042372 1 0.25759
2 26 5180 21.8926 29.5682 29.5683 0.029914 1 -0.169434
2 27 16798 21.931 29.1857 29.1857 0.0154903 1 0.213132
2 28 8596 21.5691 29.2787 29.2792 0.0240681 1 0.119647
2 29 9147 20.5782 29.1749 29.1768 0.0226409 1 0.222116
2 30 20002 20.9893 29.3902 29.3915 0.0146869 1 0.00738998
2 31 1203 20.9866 29.2197 29.221 0.0758586 1 0.177921
2 32 6071 19.7441 29.2246 29.2274 0.0307206 1 0.171435
2 33 6073 19.5116 29.0637 29.0669 0.0266511 1 0.331992
2 34 6972 21.0783 29.2949 29.2961 0.0380832 1 0.102778
2 35 3789 23.5 29.4098 29.4079 0.0533268 1 -0.00898275
2 36 3965 21.0281 29.4947 29.496 0.0371107 1 -0.0971024
2 37 4501 19.4246 29.2852 29.2884 0.0410237 1 0.110439
2 38 1036 18.3544 29.5409 29.5455 0.0924763 1 -0.146664
2 39 14 19.5885 38.0366 38.0396 0.65931 0 0
2 40 0 nan nan nan nan 0 0
2 41 0 nan nan nan nan 0 0
2 42 0 nan nan nan nan 0 0
2 43 0 nan nan nan nan 0 0
2 44 5 25.8412 36.7248 36.7199 2.35173 0 0
2 45 747 25.82 29.2089 29.204 0.0908242 1 0.194874
2 46 0 nan nan nan nan 0 0
2 47 367 25.2263 29.554 29.5499 0.179775 1 -0.151069
2 48 476 25.5857 29.5143 29.5098 0.167203 1 -0.110888
2 49 208 23.9435 29.7078 29.7053 0.201874 1 -0.306421
2 50 2769 24.4402 29.5388 29.5357 0.0481327 1 -0.136861
2 51 969 25.1132 29.6833 29.6794 0.0903931 1 -0.280498
2 52 0 nan nan nan nan 0 0
2 53 0 nan nan nan nan 0 0
2 54 1531 24.7694 29.4604 29.4569 0.0675233 1 -0.0580205
2 55 1214 25.409 29.2553 29.2509 0.0691254 1 0.147939
2 56 2738 26.0858 29.2852 29.28 0.0438356 1 0.118909
2 57 1813 25.4888 28.9355 28.931 0.056222 1 0.467826
2 58 3105 26.0759 29.2558 29.2506 0.0442027 1 0.1483
2 59 856 25.0994 28.975 28.971 0.0738164 1 0.427838
2 60 1098 24.8808 29.1556 29.1519 0.079891 1 0.246932
2 61 258 23.6037 28.9506 28.9486 0.164352 1 0.450271
2 62 3302 23.1192 29.5112 29.5098 0.0451006 1 -0.110923
2 63 1868 23.5377 29.4114 29.4094 0.0629458 1 -0.0105577
2 64 1817 24.3261 29.088 29.085 0.103602 1 0.313836
2 65 1539 22.1809 29.4604 29.4602 0.0751942 1 -0.0613289
2 66 11511 22.9952 29.6884 29.6871 0.0207814 1 -0.28826
2 67 2578 23.0587 29.3117 29.3103 0.0498872 1 0.088537
2 68 5132 22.4124 29.2733 29.2728 0.0338952 1 0.126101
2 69 1990 22.5725 29.3277 29.327 0.0568226 1 0.0718781
2 70 1 18.8616 36.8314 36.8354 nan 0 0
2 71 0 nan nan nan nan 0 0
2 72 1 25.8858 36.6985 36.6936 nan 0 0
2 73 5 19.6092 40.1998 40.2029 1.06568 0 0
2 74 43 20.509 33.4635 33.4654 1.02573 0 0
2 75 30 21.137 34.6622 34.6633 0.877346 0 0
2 76 7597 20.8155 29.4791 29.4806 0.0291147 1 -0.0817762
2 77 10639 20.6805 29.3623 29.3639 0.0195785 1 0.0349356
2 78 17701 20.0995 29.65 29.6524 0.0185918 1 -0.25353
2 79 14561 22.0224 29.4289 29.4289 0.0148116 1 -0.0300408
2 80 4264 21.6726 29.5798 29.5802 0.0353232 1 -0.181323
2 81 14 19.931 32.7467 32.7494 0.938074 0 0
2 82 0 nan nan nan nan 0 0
2 83 0 nan nan nan nan 0 0
