# CDet master calibration constants
# run 5710
# calibration_stage 7
# events_processed 2951891

[PixelOffsets]
0 0.000000 0
1 0.000000 0
2 0.000000 0
3 0.000000 0
4 0.000000 0
5 0.000000 0
6 0.000000 0
7 0.000000 0
8 0.000000 0
9 0.000000 0
10 0.000000 0
11 0.000000 0
12 0.000000 0
13 0.000000 0
14 0.000000 0
15 0.000000 0
16 0.000000 0
17 0.000000 0
18 0.000000 0
19 0.000000 0
20 0.000000 0
21 0.000000 0
22 0.000000 0
23 0.000000 0
24 0.000000 0
25 0.000000 0
26 0.000000 0
27 0.000000 0
28 0.000000 0
29 0.000000 0
30 0.000000 0
31 0.000000 0
32 0.000000 0
33 0.000000 0
34 0.000000 0
35 0.000000 0
36 0.000000 0
37 0.000000 0
38 0.000000 0
39 0.000000 0
40 0.000000 0
41 0.000000 0
42 0.000000 0
43 0.000000 0
44 0.000000 0
45 0.000000 0
46 0.000000 0
47 0.000000 0
48 0.000000 1
49 0.000000 0
50 0.000000 0
51 0.000000 0
52 0.000000 0
53 0.000000 0
54 0.000000 0
55 0.000000 1
56 0.000000 1
57 0.000000 0
58 0.000000 2
59 0.000000 0
60 0.000000 0
61 0.000000 0
62 0.000000 2
63 0.000000 9
64 -2.220373 3
65 -2.220373 0
66 -2.220373 3
67 -2.220373 7
68 -2.220373 6
69 -2.220373 3
70 -2.220373 4
71 -2.220373 10
72 4.123078 36
73 2.742367 32
74 5.735448 42
75 1.224631 38
76 3.927797 46
77 6.208143 38
78 2.742367 33
79 -2.220373 0
80 3.111603 10
81 3.111603 5
82 3.111603 30
83 -1.712970 0
84 3.111603 18
85 3.111603 2
86 3.111603 1
87 6.012223 40
88 -1.712970 4
89 -1.712970 1
90 -1.712970 0
91 -1.712970 2
92 -1.712970 0
93 -1.712970 0
94 -1.712970 0
95 -1.712970 0
96 -0.938650 0
97 -0.938650 0
98 -0.938650 0
99 -0.938650 0
100 -0.938650 0
101 6.677162 1
102 -0.938650 1
103 -0.938650 2
104 5.687510 5
105 6.309660 70
106 6.880864 80
107 5.687510 32
108 9.362056 49
109 -0.938650 0
110 6.712816 73
111 -0.938650 0
112 0.000000 0
113 0.000000 0
114 0.000000 0
115 0.000000 0
116 0.000000 0
117 0.000000 0
118 0.000000 0
119 0.000000 0
120 0.000000 0
121 0.000000 0
122 0.000000 0
123 0.000000 0
124 0.000000 0
125 0.000000 0
126 0.000000 0
127 0.000000 0
128 3.696073 13
129 0.322592 47
130 4.280017 41
131 3.696073 12
132 4.774575 58
133 3.435659 46
134 3.780922 62
135 0.545459 64
136 3.486278 157
137 1.374878 125
138 2.189621 95
139 3.707640 161
140 -1.617090 0
141 1.956074 136
142 2.578316 12
143 -1.617090 0
144 0.205280 64
145 -2.673361 0
146 -1.078826 12
147 -1.078826 0
148 1.184004 53
149 -1.078826 31
150 -1.078826 22
151 -1.078826 18
152 0.639711 70
153 1.205540 179
154 1.829003 510
155 0.746616 484
156 -2.673361 0
157 -1.144642 49
158 2.665196 519
159 2.491975 468
160 3.695144 229
161 -3.166627 0
162 -2.536778 101
163 -0.411225 161
164 -1.792654 142
165 -3.938942 52
166 -3.166627 28
167 -2.492952 149
168 -0.042165 155
169 -0.604325 378
170 -2.688410 342
171 -2.043194 100
172 -1.334851 0
173 -2.384067 23
174 -0.505402 270
175 -1.334851 0
176 -2.710138 0
177 -3.392294 15
178 -3.392294 30
179 -4.227559 39
180 -3.546900 98
181 -3.392294 14
182 -4.111752 96
183 -0.224342 352
184 1.448291 444
185 -2.281944 13
186 -4.071631 38
187 -2.281944 31
188 -2.710138 0
189 -2.956594 82
190 -2.281944 7
191 -2.281944 21
192 7.340745 292
193 3.250275 21
194 3.250275 11
195 -2.328696 0
196 4.389975 63
197 3.437738 42
198 0.903716 25
199 -2.328696 0
200 -2.328696 3
201 -2.328696 8
202 -2.328696 7
203 -2.328696 1
204 -2.328696 1
205 -2.328696 12
206 -2.328696 9
207 -2.328696 10
208 3.496779 64
209 3.934337 212
210 1.967435 281
211 0.253984 235
212 2.976980 105
213 -1.956702 0
214 -1.514887 231
215 -1.160005 259
216 -1.671100 45
217 -2.117723 75
218 1.855956 25
219 1.855956 25
220 -1.956702 0
221 1.855956 27
222 1.855956 15
223 1.855956 0
224 3.016032 52
225 1.263315 13
226 1.263315 27
227 2.503184 70
228 0.854784 42
229 -1.856802 41
230 1.155799 48
231 0.659215 48
232 -0.071128 89
233 0.825859 161
234 1.423918 204
235 0.855825 156
236 -2.526718 0
237 -1.276906 168
238 -1.095645 90
239 -2.526718 0
240 8.407279 81
241 4.105511 20
242 3.401177 97
243 4.105511 16
244 -1.196928 0
245 4.105511 14
246 2.273677 89
247 1.620847 137
248 1.609295 87
249 0.430307 334
250 1.373785 440
251 1.499969 32
252 1.499969 129
253 0.177465 122
254 0.963494 58
255 -1.196928 0
256 1.262988 13
257 2.344559 96
258 1.262988 155
259 2.043656 260
260 1.262988 12
261 0.285421 178
262 -0.373597 276
263 1.552541 207
264 -1.354104 113
265 1.152000 423
266 0.193724 436
267 1.727808 236
268 -1.148020 0
269 1.543625 88
270 -0.960335 50
271 -1.148020 0
272 3.749769 86
273 -0.349429 259
274 0.508367 68
275 0.395604 155
276 2.704687 101
277 0.508367 32
278 -1.017094 45
279 0.508367 2
280 2.072561 320
281 -0.386352 200
282 0.616102 276
283 1.417877 1
284 -1.515954 0
285 -0.547189 46
286 0.503438 105
287 -1.515954 0
288 4.601359 123
289 -0.142492 98
290 1.030419 133
291 1.576306 77
292 1.399404 33
293 0.813018 94
294 1.562336 27
295 1.643110 45
296 3.141845 112
297 1.625213 164
298 0.864053 198
299 0.171791 99
300 -0.549750 0
301 0.169348 87
302 0.328204 46
303 -0.549750 0
304 -1.028363 50
305 2.281813 126
306 2.774066 93
307 -0.450996 0
308 2.362211 95
309 2.424936 176
310 2.087207 184
311 4.453880 100
312 -0.450996 21
313 -0.450996 9
314 -0.450996 6
315 -0.450996 0
316 -0.450996 0
317 -0.450996 0
318 -0.450996 0
319 -0.450996 0
320 2.762543 0
321 2.762543 5
322 2.762543 7
323 2.762543 7
324 2.762543 22
325 2.762543 31
326 2.315334 39
327 2.685386 67
328 2.817291 99
329 2.493577 78
330 3.388854 201
331 5.595471 55
332 -1.407465 0
333 3.686776 290
334 2.803534 208
335 -1.407465 0
336 2.255446 218
337 -0.554966 372
338 0.287418 336
339 -0.648893 0
340 0.608750 405
341 -2.210144 328
342 -1.358383 201
343 -0.633754 243
344 -0.626093 121
345 -1.357284 159
346 -0.217327 293
347 0.481424 302
348 1.836917 278
349 -0.044619 165
350 1.594897 94
351 -0.648893 0
352 0.000000 18
353 0.000000 19
354 0.000000 0
355 0.000000 1
356 0.000000 5
357 0.000000 7
358 0.000000 5
359 0.000000 1
360 0.000000 3
361 0.000000 2
362 0.000000 0
363 0.000000 2
364 0.000000 0
365 0.000000 2
366 0.000000 4
367 -2.525361 40
368 -3.064159 12
369 -3.064159 3
370 -3.831913 82
371 -0.919066 0
372 -5.940062 58
373 -3.064159 32
374 -5.530277 43
375 -6.487768 61
376 -4.861352 168
377 -5.962842 104
378 -5.378192 78
379 -5.149731 158
380 -3.450331 122
381 -0.919066 0
382 -4.387303 92
383 -3.851133 340
384 0.000000 0
385 0.000000 0
386 0.000000 0
387 0.000000 0
388 0.000000 0
389 0.000000 0
390 0.000000 0
391 0.000000 0
392 0.000000 0
393 0.000000 0
394 0.000000 0
395 0.000000 0
396 0.000000 0
397 0.000000 0
398 0.000000 0
399 0.000000 0
400 7.404613 0
401 0.123188 0
402 7.404613 0
403 7.404613 0
404 7.404613 0
405 7.254355 487
406 10.507956 408
407 8.523334 267
408 7.152145 283
409 -6.928858 393
410 0.123188 0
411 -6.279728 579
412 -8.925961 79
413 -9.035773 872
414 -9.245383 979
415 -9.645201 1152
416 -7.910768 0
417 7.927704 382
418 -7.910768 0
419 -0.335497 0
420 -7.910768 0
421 -7.910768 18
422 -1.558159 103
423 -0.335497 0
424 -0.724036 31
425 -0.724036 0
426 -0.724036 1
427 -0.724036 0
428 -1.705101 112
429 -2.386799 2345
430 0.878452 4716
431 -0.938798 2497
432 4.240796 1104
433 1.510516 1099
434 1.157375 556
435 -0.340016 0
436 -0.340016 0
437 0.916259 449
438 1.151663 2084
439 1.187987 1351
440 0.394294 1148
441 -0.020549 68
442 0.058864 19
443 -0.108187 570
444 -0.408471 765
445 0.058864 28
446 -1.095623 78
447 -1.630608 233
448 -3.961057 66
449 -4.876522 505
450 -2.942893 54
451 0.772327 0
452 -3.493990 1673
453 -7.960722 694
454 -4.333203 723
455 -5.639853 581
456 -5.549366 1326
457 -4.318170 1438
458 -6.516752 675
459 -7.497355 372
460 -6.468924 113
461 0.772327 0
462 -8.749270 106
463 -5.441904 0
464 8.812592 0
465 1.310484 0
466 8.812592 0
467 7.092003 1088
468 8.812592 13
469 9.947850 1638
470 9.888492 1686
471 8.108725 1404
472 -4.540093 1125
473 -6.587263 1290
474 -6.128616 569
475 -2.906699 148
476 -5.695777 135
477 -7.243506 290
478 -6.876903 856
479 1.310484 0
480 0.028405 0
481 -5.086794 402
482 -4.361149 130
483 0.028405 0
484 -5.494387 37
485 -4.873179 2572
486 -4.759295 2469
487 -5.552140 2300
488 -3.077983 3149
489 -4.564648 2950
490 -2.246909 2648
491 -1.941571 1850
492 -6.223140 204
493 -5.954333 155
494 -5.515261 391
495 -5.361205 23
496 -1.896248 70
497 -2.337564 37
498 -3.177337 33
499 -1.953816 37
500 -3.177337 13
501 -3.177337 1
502 -3.177337 6
503 -3.177337 10
504 -4.462739 186
505 -4.553225 65
506 -7.149820 755
507 -4.586243 16
508 2.117480 0
509 -4.286624 44
510 -6.160867 405
511 2.117480 0
512 2.083726 0
513 -9.505590 266
514 -10.178281 75
515 2.083726 0
516 -10.929393 106
517 -13.196480 371
518 -11.432613 543
519 -11.502414 844
520 -10.287427 997
521 -10.614009 1046
522 -9.155738 369
523 -10.056258 188
524 -10.997987 277
525 -11.707345 305
526 -11.058976 503
527 -9.719430 13
528 4.318404 1175
529 -4.538838 1334
530 -3.598665 1477
531 -3.632280 99
532 -1.814861 271
533 -1.392384 419
534 -3.023940 445
535 -0.361114 279
536 -1.010150 111
537 -4.121750 147
538 -1.585950 840
539 0.372202 335
540 2.509702 0
541 1.482494 207
542 2.183374 153
543 2.509702 0
544 4.969561 233
545 3.562840 848
546 0.724105 0
547 -0.248950 1061
548 0.885672 460
549 -2.153102 315
550 -1.005654 546
551 -0.378798 597
552 -0.113644 234
553 -0.381516 170
554 -0.750646 315
555 1.062512 181
556 -0.093844 22
557 -1.664167 267
558 -0.024949 402
559 0.724105 0
560 -3.974101 21
561 -3.188172 473
562 -1.755913 350
563 -1.526308 0
564 0.462157 508
565 -7.108128 89
566 -4.357872 102
567 -3.206100 522
568 -2.149010 31
569 -3.965409 105
570 -5.319617 143
571 -4.715175 265
572 -0.118607 124
573 -1.526308 0
574 -5.149569 112
575 -2.149010 0
576 1.673988 0
577 -0.244527 353
578 0.999441 0
579 -0.688585 74
580 -0.869105 184
581 -1.195284 357
582 0.470004 634
583 -0.052718 519
584 -0.729322 629
585 -0.162177 636
586 -0.956236 505
587 0.339029 337
588 0.640248 90
589 1.673988 0
590 -0.722135 14
591 0.235193 743
592 -2.437090 347
593 -9.512842 112
594 -8.179320 345
595 -7.924527 16
596 2.016313 0
597 -7.983512 763
598 -6.135922 490
599 -5.363554 341
600 -5.467162 389
601 -5.305626 396
602 -5.227660 229
603 -5.527234 166
604 -4.501990 255
605 2.016313 0
606 -5.545497 98
607 -7.147466 108
608 -10.808551 45
609 1.025200 0
610 1.025200 0
611 -7.963459 16
612 -9.863246 49
613 -7.963459 11
614 -7.963459 7
615 -7.963459 4
616 1.025200 19
617 1.025200 27
618 1.025200 14
619 1.025200 4
620 1.025200 2
621 1.025200 0
622 1.025200 0
623 1.025200 0
624 0.000000 2
625 0.000000 0
626 0.000000 0
627 0.000000 0
628 0.000000 0
629 0.000000 0
630 0.000000 0
631 0.000000 0
632 0.000000 0
633 0.000000 0
634 0.000000 0
635 0.000000 0
636 0.000000 0
637 0.000000 0
638 0.000000 0
639 0.000000 0
640 0.000000 0
641 0.000000 0
642 0.000000 0
643 0.000000 0
644 0.000000 0
645 0.000000 0
646 0.000000 0
647 0.000000 0
648 0.000000 0
649 0.000000 0
650 0.000000 0
651 0.000000 0
652 0.000000 0
653 0.000000 0
654 0.000000 0
655 0.000000 0
656 0.000000 0
657 0.000000 0
658 0.000000 0
659 0.000000 0
660 0.000000 0
661 0.000000 0
662 0.000000 0
663 0.000000 0
664 0.000000 0
665 0.000000 0
666 0.000000 0
667 0.000000 0
668 0.000000 0
669 0.000000 0
670 0.000000 0
671 0.000000 0
672 0.000000 0
673 0.000000 0
674 0.000000 0
675 0.000000 0
676 0.000000 0
677 0.000000 0
678 0.000000 0
679 0.000000 0
680 0.000000 0
681 0.000000 0
682 0.000000 0
683 0.000000 0
684 0.000000 0
685 0.000000 0
686 0.000000 0
687 0.000000 0
688 0.000000 0
689 0.000000 0
690 0.000000 0
691 0.000000 0
692 0.000000 0
693 0.000000 0
694 0.000000 0
695 0.000000 0
696 0.000000 0
697 0.000000 0
698 0.000000 0
699 0.000000 0
700 0.000000 0
701 0.000000 0
702 0.000000 0
703 0.000000 0
704 0.000000 0
705 0.000000 0
706 0.000000 0
707 0.000000 0
708 0.000000 0
709 0.000000 0
710 0.000000 0
711 0.000000 0
712 0.000000 0
713 0.000000 0
714 0.000000 0
715 0.000000 0
716 0.000000 0
717 0.000000 0
718 0.000000 1
719 0.000000 0
720 -2.808581 0
721 -2.808581 0
722 -2.808581 0
723 -2.808581 0
724 -2.808581 0
725 -2.808581 0
726 -2.808581 0
727 10.433273 74
728 -2.808581 0
729 -2.808581 0
730 -2.808581 0
731 -2.808581 5
732 -2.808581 29
733 -2.808581 5
734 -2.808581 14
735 -2.808581 6
736 -2.426328 0
737 -2.199412 347
738 -4.163185 0
739 -1.460003 43
740 -2.954913 85
741 -0.945354 148
742 -2.426328 7
743 -2.426328 14
744 -4.163185 4
745 -4.163185 3
746 -4.163185 5
747 -4.163185 2
748 -4.163185 0
749 -4.163185 1
750 -4.163185 0
751 -4.163185 10
752 -0.983936 0
753 -0.983936 0
754 -0.983936 1
755 -0.983936 1
756 -0.983936 4
757 -0.983936 5
758 -0.983936 12
759 -0.983936 10
760 -2.759063 45
761 6.465191 37
762 7.234614 65
763 3.733902 46
764 1.085053 40
765 3.356446 86
766 -0.983936 0
767 6.561821 27
768 3.763157 27
769 3.763157 0
770 3.763157 3
771 0.808665 35
772 3.763157 0
773 3.938548 118
774 3.393754 77
775 3.763157 6
776 5.313514 2
777 -2.399184 0
778 5.987712 138
779 5.370022 18
780 -2.399184 0
781 5.313514 30
782 5.313514 9
783 5.313514 18
784 -0.010575 0
785 -0.010575 3
786 -0.010575 10
787 -0.010575 10
788 -0.010575 7
789 -0.010575 1
790 -0.010575 3
791 -0.010575 0
792 8.007774 11
793 9.011553 39
794 8.007774 8
795 8.302410 54
796 8.007774 16
797 8.007774 12
798 8.007774 21
799 8.007774 5
800 -2.257306 0
801 -7.414315 12
802 -12.388317 1422
803 -7.414315 0
804 -3.077819 99
805 -3.207709 171
806 -2.698905 220
807 -2.111340 276
808 -2.325189 216
809 -3.490508 365
810 -2.662330 300
811 -3.257092 241
812 -2.257306 0
813 -3.490508 2
814 -1.701511 263
815 -3.490508 31
816 6.760404 66
817 2.657266 0
818 -4.441062 0
819 4.206344 72
820 4.909801 59
821 2.657266 13
822 5.871213 137
823 2.657266 0
824 -4.441062 0
825 -4.441062 0
826 -4.441062 0
827 -4.441062 0
828 -4.441062 0
829 -4.441062 2
830 -4.441062 0
831 -4.441062 5
832 -2.361152 266
833 -3.186194 223
834 -4.459176 26
835 -5.190471 38
836 -4.459176 10
837 -4.459176 27
838 -3.034782 37
839 -4.459176 0
840 -4.557441 5
841 -4.557441 3
842 -4.557441 2
843 -4.557441 10
844 -4.557441 0
845 -4.557441 3
846 -4.557441 1
847 -4.557441 0
848 0.000000 6
849 0.000000 1
850 0.000000 0
851 0.000000 3
852 0.000000 2
853 0.000000 1
854 0.000000 3
855 0.000000 9
856 0.000000 7
857 0.000000 4
858 0.000000 9
859 0.000000 4
860 0.000000 0
861 0.000000 0
862 0.000000 4
863 0.000000 28
864 5.997222 59
865 3.945871 183
866 4.597466 63
867 -3.335728 0
868 -3.335728 0
869 2.529908 48
870 3.884311 97
871 3.301061 13
872 5.272353 5
873 5.272353 39
874 2.709014 48
875 5.272353 0
876 1.728577 52
877 5.272353 3
878 5.272353 9
879 7.690108 886
880 3.855783 0
881 5.516499 49
882 3.855783 24
883 5.409271 71
884 -4.025191 0
885 -4.025191 0
886 3.855783 28
887 4.706412 67
888 6.303827 122
889 5.124223 71
890 2.726833 43
891 3.411711 26
892 4.300141 95
893 3.718045 275
894 1.459741 110
895 9.331789 341
896 4.998487 43
897 8.286542 259
898 8.073682 187
899 4.874567 131
900 -4.617483 0
901 6.625860 530
902 7.518122 654
903 6.696392 799
904 -4.617483 0
905 6.741785 49
906 4.062718 48
907 6.996087 128
908 4.068974 64
909 4.062718 6
910 5.512823 86
911 4.062718 7
912 -3.552294 0
913 3.232999 0
914 3.232999 0
915 4.891204 297
916 3.682098 175
917 5.055465 561
918 5.659272 886
919 3.258309 468
920 3.414157 717
921 3.554741 0
922 3.554741 0
923 3.554741 0
924 3.554741 0
925 3.554741 0
926 3.554741 0
927 -3.552294 0
928 3.520732 0
929 0.773008 136
930 -0.269466 503
931 0.959190 102
932 4.607815 371
933 4.605033 659
934 1.493301 362
935 3.796417 535
936 2.189712 118
937 2.400924 516
938 0.744153 88
939 2.976765 20
940 -3.672914 0
941 2.146326 66
942 2.976765 4
943 -3.672914 0
944 3.178257 18
945 -2.735846 0
946 3.178257 0
947 -2.735846 0
948 2.523723 36
949 3.178257 50
950 3.178257 10
951 5.004600 281
952 2.002993 86
953 3.839160 65
954 3.558164 121
955 2.729079 1
956 2.729079 21
957 1.084140 113
958 1.881724 116
959 2.729079 6
960 1.490040 191
961 3.833921 0
962 2.349311 101
963 1.719064 208
964 0.487881 105
965 4.433474 182
966 0.721123 136
967 -2.523518 0
968 -0.660751 39
969 -1.416909 40
970 1.241022 44
971 -2.523518 0
972 -0.721280 116
973 0.125217 65
974 -0.323823 29
975 2.794438 61
976 0.583898 5
977 0.583898 2
978 0.583898 1
979 0.583898 2
980 0.583898 24
981 0.583898 0
982 -0.105671 82
983 0.583898 0
984 -2.517518 0
985 -2.517518 0
986 -2.517518 0
987 -2.517518 0
988 -2.517518 0
989 -2.517518 33
990 -2.517518 3
991 -2.517518 0
992 2.256840 77
993 3.405910 394
994 4.186026 0
995 4.186026 1
996 1.647790 134
997 3.690555 568
998 0.551740 252
999 2.693423 78
1000 4.958961 244
1001 3.412752 183
1002 4.360534 138
1003 4.378861 526
1004 5.341666 372
1005 -0.903561 0
1006 0.959102 315
1007 -0.903561 0
1008 -2.261463 0
1009 2.289535 388
1010 -5.023298 42
1011 -1.820727 0
1012 -0.379028 763
1013 -2.261463 24
1014 -2.975447 83
1015 -2.261463 0
1016 2.391790 0
1017 2.391790 0
1018 2.391790 0
1019 2.391790 0
1020 2.391790 0
1021 -2.695726 611
1022 1.588590 482
1023 -1.820727 0
1024 -7.238457 95
1025 -4.535638 10
1026 2.198312 718
1027 -5.508416 0
1028 -5.508416 0
1029 -4.535638 0
1030 0.957578 186
1031 -4.535638 0
1032 2.198760 83
1033 6.192451 52
1034 -8.701147 47
1035 -3.451386 43
1036 -0.505046 8
1037 -0.505046 3
1038 -0.505046 4
1039 -0.505046 15
1040 -5.948128 262
1041 -4.028624 254
1042 -14.376745 324
1043 -0.252132 0
1044 -3.166804 71
1045 0.500942 41
1046 -8.627698 10
1047 17.580099 57
1048 12.265304 157
1049 -3.264308 128
1050 -0.252132 0
1051 -3.264308 1
1052 -3.264308 0
1053 -3.264308 0
1054 -3.264308 0
1055 -3.562729 350
1056 -7.000715 374
1057 -6.291790 356
1058 -4.689932 38
1059 -7.277215 288
1060 -8.818653 297
1061 -0.644807 1235
1062 -6.713871 2186
1063 -6.911891 1676
1064 -5.933619 3264
1065 -8.378862 428
1066 -1.157566 0
1067 -6.569187 568
1068 -1.157566 0
1069 -7.568487 284
1070 -5.907770 1
1071 -1.158375 298
1072 -1.891547 0
1073 -0.826800 6
1074 -0.032598 80
1075 -1.891547 0
1076 -0.826800 30
1077 -0.826800 17
1078 -0.826800 34
1079 -0.826800 0
1080 -0.288538 163
1081 0.836916 1602
1082 -0.113747 55
1083 -1.165336 43
1084 -0.674547 11
1085 -1.634269 38
1086 -0.674547 4
1087 -0.402977 59
1088 -0.836539 0
1089 -3.777028 313
1090 -3.848687 518
1091 -5.710408 376
1092 -4.469796 364
1093 -5.111539 472
1094 -4.143730 1191
1095 -4.056372 513
1096 -4.860594 132
1097 -3.568616 482
1098 -2.520845 648
1099 -4.401141 43
1100 -4.199318 210
1101 -3.439867 92
1102 -0.836539 0
1103 1.567152 769
1104 2.287364 243
1105 0.842705 66
1106 -1.344758 0
1107 2.632044 514
1108 -0.201771 130
1109 1.419935 24
1110 1.419935 32
1111 1.419935 3
1112 -1.344758 7
1113 -1.344758 10
1114 -1.344758 22
1115 -1.344758 2
1116 -1.344758 2
1117 -1.344758 1
1118 -1.344758 0
1119 -1.344758 0
1120 0.000000 0
1121 0.000000 0
1122 0.000000 0
1123 0.000000 0
1124 0.000000 0
1125 0.000000 0
1126 0.000000 0
1127 0.000000 0
1128 0.000000 0
1129 0.000000 0
1130 0.000000 0
1131 0.000000 0
1132 0.000000 0
1133 0.000000 0
1134 0.000000 0
1135 0.000000 0
1136 0.000000 0
1137 0.000000 4
1138 0.000000 0
1139 0.000000 1
1140 0.000000 0
1141 0.000000 5
1142 0.000000 7
1143 0.000000 1
1144 0.000000 0
1145 0.000000 4
1146 0.000000 0
1147 0.000000 11
1148 0.000000 0
1149 0.000000 8
1150 0.000000 0
1151 0.000000 0
1152 0.000000 0
1153 0.000000 0
1154 0.000000 0
1155 0.000000 0
1156 0.000000 0
1157 0.000000 0
1158 0.000000 0
1159 0.000000 0
1160 0.131462 0
1161 0.139826 120
1162 0.000000 0
1163 0.131462 0
1164 0.131462 0
1165 0.131462 0
1166 0.000000 0
1167 0.131462 0
1168 0.000000 3
1169 0.000000 12
1170 0.000000 0
1171 0.000000 4
1172 0.000000 2
1173 0.000000 13
1174 0.000000 14
1175 0.000000 11
1176 0.000000 2
1177 0.000000 1
1178 0.000000 0
1179 0.000000 1
1180 0.000000 3
1181 0.000000 7
1182 0.000000 0
1183 0.000000 9
1184 0.000000 0
1185 0.000000 13
1186 0.000000 0
1187 0.000000 4
1188 0.000000 16
1189 0.000000 27
1190 0.000000 13
1191 0.000000 16
1192 -3.864526 12
1193 -3.864526 7
1194 -3.864526 7
1195 -3.864526 6
1196 -3.864526 13
1197 -3.864526 18
1198 -3.864526 8
1199 -3.864526 33
1200 1.746614 0
1201 1.746614 0
1202 1.746614 1
1203 1.746614 0
1204 1.746614 6
1205 1.746614 9
1206 1.746614 13
1207 1.746614 3
1208 -1.536791 18
1209 -0.829797 184
1210 -0.541404 336
1211 -0.828660 664
1212 -0.585908 121
1213 -3.114704 639
1214 -5.034252 240
1215 1.746614 0
1216 1.110922 2
1217 -0.185989 1507
1218 0.368595 1157
1219 1.110922 10
1220 -0.544960 463
1221 -1.533740 518
1222 1.110922 221
1223 -0.882429 572
1224 0.006252 758
1225 -2.365588 207
1226 -3.776106 236
1227 -1.548490 1023
1228 1.610052 0
1229 -1.407833 606
1230 -1.313377 1274
1231 1.610052 0
1232 -4.594651 1
1233 -5.761518 846
1234 -5.614415 902
1235 1.431526 0
1236 -6.928003 1252
1237 -5.190233 1170
1238 -6.788772 1123
1239 -4.594651 397
1240 -5.289169 987
1241 -7.039109 995
1242 -5.938779 618
1243 -6.657291 1497
1244 -5.489750 1461
1245 -5.387274 1668
1246 -6.530147 1859
1247 1.431526 0
1248 -12.247447 1383
1249 0.971573 0
1250 -8.692823 1158
1251 -10.455432 1054
1252 0.971573 0
1253 -10.538701 1205
1254 -10.768533 1049
1255 -9.144014 1575
1256 -8.717812 825
1257 -11.498484 567
1258 -9.519743 841
1259 -11.402375 616
1260 -12.069902 113
1261 -11.057528 0
1262 -13.068024 719
1263 -8.256160 69
1264 -14.384012 2285
1265 -13.518385 2617
1266 -11.332822 0
1267 0.556145 0
1268 -13.210580 2709
1269 -11.404661 2822
1270 -12.993097 1398
1271 -12.468602 545
1272 -12.558883 353
1273 -14.537698 552
1274 0.556145 0
1275 -11.509222 1091
1276 -9.804595 11
1277 -10.284595 230
1278 -18.259250 69
1279 -8.789753 430
1280 -14.403598 489
1281 -13.066783 438
1282 2.316354 0
1283 -13.044345 357
1284 -13.268115 248
1285 2.316354 0
1286 -11.784611 330
1287 -12.162861 203
1288 -11.731142 109
1289 -11.168739 44
1290 -9.843406 12
1291 -9.843406 20
1292 -9.843406 6
1293 -9.843406 2
1294 -9.843406 0
1295 -9.843406 0
1296 0.000000 0
1297 0.000000 0
1298 0.000000 0
1299 0.000000 0
1300 0.000000 0
1301 0.000000 0
1302 0.000000 0
1303 0.000000 0
1304 0.000000 0
1305 0.000000 0
1306 0.000000 0
1307 0.000000 0
1308 0.000000 0
1309 0.000000 0
1310 0.000000 0
1311 0.000000 0
1312 0.000000 0
1313 0.000000 0
1314 0.000000 0
1315 0.000000 0
1316 0.000000 0
1317 0.000000 0
1318 0.000000 0
1319 0.000000 0
1320 0.000000 0
1321 0.000000 0
1322 0.000000 0
1323 0.000000 0
1324 0.000000 0
1325 0.000000 0
1326 0.000000 0
1327 0.000000 0
1328 0.000000 0
1329 0.000000 0
1330 0.000000 0
1331 0.000000 0
1332 0.000000 0
1333 0.000000 0
1334 0.000000 0
1335 0.000000 0
1336 0.000000 0
1337 0.000000 0
1338 0.000000 0
1339 0.000000 0
1340 0.000000 0
1341 0.000000 0
1342 0.000000 0
1343 0.000000 0
1344 0.000000 0
1345 0.000000 0
1346 0.000000 0
1347 0.000000 0
1348 0.000000 0
1349 0.000000 0
1350 0.000000 0
1351 0.000000 0
1352 0.000000 0
1353 0.000000 0
1354 0.000000 0
1355 0.000000 0
1356 0.000000 0
1357 0.000000 0
1358 0.000000 0
1359 0.000000 0
1360 0.000000 0
1361 0.000000 0
1362 0.000000 0
1363 0.000000 0
1364 0.000000 0
1365 0.000000 0
1366 0.000000 0
1367 0.000000 0
1368 0.000000 0
1369 0.000000 0
1370 0.000000 0
1371 0.000000 0
1372 0.000000 0
1373 0.000000 0
1374 0.000000 0
1375 0.000000 0
1376 0.000000 0
1377 0.000000 0
1378 0.000000 0
1379 0.000000 0
1380 0.000000 0
1381 0.000000 0
1382 0.000000 0
1383 0.000000 0
1384 0.000000 0
1385 0.000000 0
1386 0.000000 1
1387 0.000000 1
1388 0.000000 0
1389 0.000000 0
1390 0.000000 0
1391 0.000000 0
1392 0.000000 0
1393 0.000000 0
1394 0.000000 0
1395 0.000000 0
1396 0.000000 1
1397 0.000000 1
1398 0.000000 0
1399 0.000000 0
1400 0.000000 4
1401 0.000000 1
1402 0.000000 5
1403 0.000000 0
1404 0.000000 4
1405 0.000000 0
1406 0.000000 6
1407 0.000000 4
1408 5.108225 11
1409 -3.019779 0
1410 5.108225 7
1411 5.108225 25
1412 3.647519 42
1413 5.304151 41
1414 5.010928 35
1415 5.108225 24
1416 4.024255 63
1417 4.024255 17
1418 4.024255 25
1419 4.024255 7
1420 -3.019779 0
1421 4.024255 21
1422 4.024255 29
1423 4.024255 0
1424 4.215133 10
1425 4.215133 31
1426 5.960539 35
1427 4.215133 5
1428 0.000000 0
1429 4.215133 18
1430 4.215133 12
1431 4.215133 6
1432 0.000000 0
1433 0.000000 0
1434 0.000000 0
1435 0.000000 2
1436 0.000000 1
1437 0.000000 0
1438 0.000000 0
1439 0.000000 0
1440 -1.127175 1
1441 -0.611253 57
1442 0.221665 57
1443 -1.938287 0
1444 -1.127175 29
1445 1.425092 47
1446 -1.284855 85
1447 1.232274 85
1448 1.451169 38
1449 -0.541657 29
1450 -0.743838 68
1451 -0.214118 41
1452 -0.743838 0
1453 -0.743838 9
1454 -0.743838 6
1455 -1.938287 0
1456 0.000000 7
1457 0.000000 1
1458 0.000000 2
1459 0.000000 0
1460 0.000000 3
1461 0.000000 0
1462 0.000000 1
1463 0.000000 1
1464 -4.895580 1
1465 -4.895580 4
1466 -4.895580 4
1467 -4.895580 30
1468 0.000000 0
1469 -4.895580 25
1470 -3.922842 44
1471 0.000000 0
1472 9.211588 76
1473 -8.250751 72
1474 -3.546496 3
1475 -0.882846 45
1476 -5.123434 72
1477 -5.875871 152
1478 -4.349030 150
1479 -3.546496 98
1480 -4.744186 154
1481 -4.354353 140
1482 -5.944562 87
1483 -4.878270 69
1484 -3.848271 29
1485 -2.102335 47
1486 -1.374755 0
1487 -1.374755 0
1488 -1.361494 0
1489 -1.361494 0
1490 -1.361494 0
1491 -1.361494 0
1492 -1.361494 0
1493 -1.361494 0
1494 -1.361494 0
1495 0.530191 587
1496 1.631847 615
1497 0.368134 422
1498 2.387733 602
1499 0.879034 617
1500 -2.626994 0
1501 -0.659101 22
1502 0.143272 179
1503 -2.626994 0
1504 -3.321890 189
1505 -9.318309 66
1506 -5.964243 216
1507 -7.473172 100
1508 -6.181303 128
1509 -7.473172 159
1510 -7.473172 0
1511 -6.896133 322
1512 -6.078716 385
1513 -5.224774 310
1514 -4.499245 195
1515 -6.646477 113
1516 -0.953774 0
1517 -8.018987 110
1518 -5.577655 83
1519 -0.953774 0
1520 -3.095256 0
1521 -11.102917 43
1522 -8.100871 75
1523 -3.095256 0
1524 -7.827599 108
1525 -11.311709 83
1526 -9.652773 266
1527 -9.398047 275
1528 -7.399479 320
1529 -9.868620 87
1530 -9.580357 4
1531 -8.718124 45
1532 -9.400510 91
1533 -7.760647 32
1534 -6.214634 131
1535 -8.809821 196
1536 -1.875799 0
1537 -6.707234 18
1538 -6.707234 19
1539 -7.028353 47
1540 -3.079643 50
1541 -5.296173 70
1542 -6.707234 23
1543 -6.707234 14
1544 -1.875799 0
1545 -1.875799 0
1546 -1.875799 0
1547 -1.875799 0
1548 -1.875799 0
1549 -1.875799 0
1550 -1.875799 0
1551 -1.875799 0
1552 1.020374 256
1553 -6.280314 281
1554 -7.207322 280
1555 -4.754818 93
1556 -8.187800 205
1557 -1.887307 0
1558 -7.373925 318
1559 -4.907294 24
1560 -8.741248 99
1561 -5.807566 23
1562 -5.807566 11
1563 -5.807566 20
1564 -5.807566 21
1565 -5.807566 5
1566 -4.033827 60
1567 -1.887307 0
1568 -2.216395 0
1569 2.594268 72
1570 4.206599 30
1571 6.455435 45
1572 3.506020 75
1573 2.000259 34
1574 1.837593 57
1575 3.584049 51
1576 5.099788 203
1577 4.600303 214
1578 4.466532 178
1579 3.324090 157
1580 4.697922 79
1581 3.144951 87
1582 6.715102 53
1583 -2.216395 0
1584 -0.932612 0
1585 0.194107 37
1586 -0.076042 51
1587 3.147391 14
1588 2.036539 110
1589 1.358620 102
1590 2.116039 190
1591 0.431514 269
1592 0.920648 285
1593 1.911417 230
1594 2.311551 188
1595 2.586024 60
1596 2.917188 114
1597 -0.932612 0
1598 3.347623 78
1599 2.917188 5
1600 2.025377 83
1601 -1.843533 71
1602 -0.772479 222
1603 -1.426476 0
1604 -1.565996 43
1605 -1.154709 282
1606 -0.052647 323
1607 -2.129339 109
1608 -1.586704 328
1609 -1.164639 374
1610 -0.980012 433
1611 -2.006679 169
1612 -1.476061 32
1613 -3.120747 78
1614 -0.156814 77
1615 -1.426476 0
1616 1.005913 255
1617 -1.141593 0
1618 -2.476779 82
1619 -1.247437 174
1620 -1.942673 111
1621 -1.513959 42
1622 0.136619 35
1623 0.918801 2
1624 -2.341856 299
1625 -4.106375 195
1626 -1.655471 316
1627 -2.831882 11
1628 -1.835370 47
1629 -1.141593 0
1630 -3.359268 67
1631 -3.889061 116
1632 2.838246 144
1633 0.744477 105
1634 -0.176191 111
1635 1.261051 69
1636 0.523619 87
1637 -0.249563 80
1638 -1.351468 56
1639 -0.687109 67
1640 0.666129 132
1641 -0.561128 183
1642 -0.909211 176
1643 -0.882335 143
1644 1.386998 33
1645 1.386998 20
1646 -0.566582 0
1647 -0.566582 0
1648 -0.984563 0
1649 1.232541 98
1650 1.957561 129
1651 3.191401 59
1652 1.564513 112
1653 2.354663 211
1654 -0.984563 0
1655 1.155635 142
1656 -0.984563 33
1657 -0.984563 19
1658 -0.984563 10
1659 -0.984563 4
1660 -0.984563 0
1661 -0.984563 1
1662 -0.984563 0
1663 -0.984563 0
1664 -6.203321 21
1665 -6.203321 9
1666 -5.252604 35
1667 -6.203321 0
1668 -17.163384 23
1669 -6.203321 4
1670 -7.890679 85
1671 -6.203321 71
1672 6.948505 77
1673 6.350088 55
1674 7.309537 186
1675 8.662404 108
1676 -0.740275 0
1677 9.743609 250
1678 7.437262 205
1679 -0.740275 0
1680 6.670823 214
1681 4.818797 431
1682 5.648795 365
1683 4.356172 241
1684 6.122757 518
1685 3.423847 181
1686 3.685453 223
1687 4.411967 225
1688 4.445523 152
1689 2.489588 172
1690 4.211904 349
1691 4.883622 354
1692 -0.620455 0
1693 5.001779 248
1694 5.892050 183
1695 -0.620455 0
1696 0.000000 11
1697 0.000000 0
1698 0.000000 0
1699 0.000000 0
1700 0.000000 0
1701 0.000000 0
1702 0.000000 0
1703 0.000000 0
1704 0.000000 0
1705 0.000000 0
1706 0.000000 0
1707 0.000000 0
1708 0.000000 0
1709 0.000000 0
1710 0.000000 0
1711 0.000000 0
1712 3.792825 45
1713 2.765139 8
1714 2.765139 8
1715 -0.719557 0
1716 2.620156 71
1717 0.493651 60
1718 2.267559 42
1719 0.107401 35
1720 1.158627 98
1721 1.386700 178
1722 1.113811 159
1723 0.864759 85
1724 3.733225 151
1725 -0.719557 0
1726 1.997697 91
1727 1.322616 144
1728 1.314126 325
1729 -4.113857 16
1730 -4.113857 30
1731 -4.113857 11
1732 -0.227064 0
1733 -4.113857 8
1734 -4.113857 11
1735 -4.113857 9
1736 -3.468527 25
1737 -3.468527 34
1738 -3.468527 23
1739 -3.468527 19
1740 -3.468527 15
1741 -3.468527 7
1742 -3.468527 25
1743 -0.227064 0
1744 0.006862 0
1745 -4.566046 1
1746 -4.566046 6
1747 -4.566046 7
1748 -1.763838 75
1749 -6.273376 65
1750 -5.376299 149
1751 -3.332905 152
1752 -3.609366 553
1753 -4.819753 181
1754 -3.267205 0
1755 -3.512839 502
1756 -0.604537 474
1757 0.006862 0
1758 -4.577305 97
1759 -1.959188 269
1760 -1.109582 1291
1761 0.567532 0
1762 -3.637624 1094
1763 -2.401055 425
1764 -4.483644 106
1765 -4.135100 148
1766 -4.148447 76
1767 -3.658380 110
1768 -1.739382 143
1769 -0.243037 241
1770 0.567532 0
1771 -1.051987 82
1772 -2.235630 94
1773 -1.335295 179
1774 0.737442 331
1775 0.318721 1630
1776 6.408994 3868
1777 1.441745 3066
1778 -0.283091 0
1779 3.804675 1804
1780 2.657856 808
1781 2.537028 1223
1782 1.596999 591
1783 4.067209 935
1784 3.812189 1943
1785 2.827273 1100
1786 -0.283091 0
1787 0.054769 635
1788 2.583994 337
1789 4.727575 163
1790 1.393482 402
1791 1.941027 817
1792 4.316814 96
1793 2.934578 237
1794 2.741965 27
1795 2.102996 46
1796 1.744060 541
1797 1.088666 1334
1798 1.662946 1166
1799 2.741965 25
1800 0.888636 1216
1801 1.493237 1296
1802 0.062291 1392
1803 -0.955215 550
1804 0.534812 0
1805 -1.108812 392
1806 -3.158160 239
1807 0.534812 0
1808 0.668132 44
1809 -1.399467 21
1810 -1.757697 114
1811 -1.399467 21
1812 0.126524 163
1813 -1.399467 85
1814 -0.003975 1263
1815 -0.910012 1172
1816 -1.986986 1137
1817 -0.845095 2210
1818 0.104251 1947
1819 -0.704604 184
1820 1.482603 0
1821 -1.821401 354
1822 -1.758308 116
1823 1.482603 0
1824 -0.742834 96
1825 -5.221456 307
1826 -2.112164 756
1827 -2.303594 495
1828 -3.242392 87
1829 -1.570418 873
1830 -0.503666 2194
1831 -0.875187 2417
1832 -0.466295 2541
1833 -1.604726 2873
1834 -1.435097 2988
1835 -2.395940 2168
1836 0.352069 0
1837 -4.143874 1282
1838 -2.752131 713
1839 0.352069 0
1840 2.300957 298
1841 -0.814842 271
1842 -1.114319 170
1843 -0.504325 92
1844 0.684603 82
1845 0.060839 21
1846 0.060839 8
1847 0.060839 13
1848 -1.322636 123
1849 -2.481776 8
1850 -2.823234 94
1851 -2.481776 28
1852 -1.982908 156
1853 -2.292041 94
1854 1.052558 0
1855 1.052558 0
1856 2.195448 0
1857 -3.567304 711
1858 -1.374910 169
1859 -0.892696 339
1860 -1.654499 512
1861 -1.116939 12
1862 -1.116939 0
1863 -1.116939 0
1864 -1.310567 647
1865 -0.941533 686
1866 -2.425508 942
1867 -2.189171 966
1868 2.195448 0
1869 -2.003437 1208
1870 -1.122633 0
1871 -1.122633 0
1872 0.250185 430
1873 -2.591057 178
1874 -2.179393 502
1875 1.449040 25
1876 0.134879 1046
1877 3.237506 0
1878 -0.808518 1285
1879 -1.297403 1638
1880 -2.002247 63
1881 -0.408239 115
1882 -0.185650 74
1883 -0.371935 355
1884 -0.123140 29
1885 0.828897 37
1886 -0.509441 44
1887 3.237506 0
1888 4.107286 946
1889 2.525398 767
1890 4.305237 416
1891 5.545577 557
1892 4.857343 562
1893 4.732227 909
1894 1.599664 1052
1895 -0.504438 908
1896 11.060889 761
1897 -1.428819 617
1898 0.117458 408
1899 -0.181892 530
1900 1.815239 52
1901 1.621901 432
1902 0.593658 0
1903 0.593658 0
1904 1.539799 326
1905 -1.250120 244
1906 -1.453059 136
1907 -1.180990 343
1908 0.324140 308
1909 -0.313133 256
1910 1.633254 412
1911 2.149197 262
1912 4.011661 413
1913 -1.241413 207
1914 0.202387 230
1915 2.405833 448
1916 -1.268797 0
1917 4.263465 77
1918 -0.579107 175
1919 -1.268797 0
1920 -3.721542 35
1921 -8.616580 293
1922 -3.573497 6
1923 -5.678060 66
1924 -8.111138 77
1925 -4.541421 264
1926 -5.774618 163
1927 -5.782844 82
1928 -6.906759 261
1929 -6.900245 295
1930 -6.736605 455
1931 -6.535425 646
1932 -7.106693 256
1933 -5.087711 915
1934 1.574204 0
1935 1.574204 0
1936 -7.940007 356
1937 -14.460589 89
1938 -12.683403 166
1939 -8.595109 40
1940 -10.834406 376
1941 -12.490696 536
1942 2.299529 0
1943 -12.490304 144
1944 -13.157620 312
1945 -14.053768 332
1946 -12.752312 515
1947 -16.236136 694
1948 -12.812954 565
1949 -11.499003 39
1950 -13.937792 556
1951 2.299529 0
1952 -5.674387 333
1953 -11.928364 36
1954 -10.734974 200
1955 -8.530222 235
1956 -10.754669 57
1957 -12.584398 83
1958 -13.799323 33
1959 -9.989224 40
1960 -11.915912 39
1961 -11.700221 40
1962 -14.293418 34
1963 -13.121180 4
1964 1.915737 0
1965 -13.121180 2
1966 -13.121180 14
1967 1.915737 0
1968 0.000000 8
1969 0.000000 3
1970 0.000000 3
1971 0.000000 0
1972 0.000000 0
1973 0.000000 0
1974 0.000000 0
1975 0.000000 1
1976 0.000000 0
1977 0.000000 0
1978 0.000000 0
1979 0.000000 0
1980 0.000000 0
1981 0.000000 0
1982 0.000000 0
1983 0.000000 0
1984 0.000000 0
1985 0.000000 0
1986 0.000000 0
1987 0.000000 0
1988 0.000000 0
1989 0.000000 0
1990 0.000000 0
1991 0.000000 0
1992 0.000000 0
1993 0.000000 0
1994 0.000000 0
1995 0.000000 0
1996 0.000000 0
1997 0.000000 0
1998 0.000000 0
1999 0.000000 0
2000 0.000000 0
2001 0.000000 0
2002 0.000000 0
2003 0.000000 0
2004 0.000000 0
2005 0.000000 0
2006 0.000000 0
2007 0.000000 0
2008 0.000000 0
2009 0.000000 0
2010 0.000000 0
2011 0.000000 0
2012 0.000000 0
2013 0.000000 0
2014 0.000000 0
2015 0.000000 0
2016 0.000000 0
2017 0.000000 0
2018 0.000000 0
2019 0.000000 0
2020 0.000000 0
2021 0.000000 0
2022 0.000000 0
2023 0.000000 0
2024 0.000000 0
2025 0.000000 0
2026 0.000000 0
2027 0.000000 0
2028 0.000000 0
2029 0.000000 0
2030 0.000000 0
2031 0.000000 0
2032 0.000000 0
2033 0.000000 0
2034 0.000000 0
2035 0.000000 0
2036 0.000000 0
2037 0.000000 0
2038 0.000000 0
2039 0.000000 0
2040 0.000000 0
2041 0.000000 0
2042 0.000000 0
2043 0.000000 0
2044 0.000000 0
2045 0.000000 0
2046 0.000000 0
2047 0.000000 0
2048 0.000000 0
2049 0.000000 0
2050 0.000000 0
2051 0.000000 0
2052 0.000000 0
2053 0.000000 0
2054 0.000000 0
2055 0.000000 0
2056 0.000000 0
2057 0.000000 1
2058 0.000000 0
2059 0.000000 0
2060 0.000000 0
2061 0.000000 0
2062 0.000000 0
2063 0.000000 0
2064 -4.161956 0
2065 -4.161956 2
2066 -4.161956 2
2067 -4.161956 0
2068 -4.161956 0
2069 -4.161956 21
2070 -4.161956 18
2071 -2.848417 32
2072 -4.142345 20
2073 -4.142345 18
2074 -4.142345 39
2075 -4.523724 55
2076 -3.029240 178
2077 -4.960482 312
2078 -6.262138 157
2079 -1.319552 220
2080 0.000000 0
2081 0.000000 0
2082 0.000000 0
2083 0.000000 0
2084 0.000000 0
2085 0.000000 0
2086 0.000000 0
2087 0.000000 0
2088 0.000000 0
2089 0.000000 0
2090 0.000000 0
2091 0.000000 0
2092 0.000000 0
2093 0.000000 0
2094 0.000000 0
2095 0.000000 2
2096 3.351521 2
2097 3.351521 9
2098 3.351521 9
2099 -2.012495 0
2100 0.286083 38
2101 3.351521 21
2102 3.351521 21
2103 3.351521 26
2104 -2.012495 0
2105 2.753399 96
2106 3.754818 82
2107 -3.088140 35
2108 3.392213 18
2109 3.556973 37
2110 3.392213 10
2111 2.293184 36
2112 -3.178258 0
2113 6.115469 53
2114 7.102232 129
2115 7.880594 44
2116 9.850375 43
2117 9.113261 67
2118 12.328008 127
2119 8.829030 98
2120 11.010958 81
2121 10.958557 69
2122 -3.178258 0
2123 10.315902 0
2124 10.315902 0
2125 10.315902 0
2126 10.315902 0
2127 10.315902 0
2128 9.817578 0
2129 9.817578 0
2130 9.817578 0
2131 -0.021629 0
2132 9.511728 82
2133 8.007836 102
2134 8.752810 107
2135 3.360091 69
2136 -0.021629 0
2137 -0.021629 0
2138 -0.021629 0
2139 -0.021629 0
2140 -0.021629 0
2141 -0.021629 0
2142 -0.021629 0
2143 -0.021629 0
2144 -2.504399 0
2145 5.407771 65
2146 6.087484 240
2147 -2.504399 0
2148 6.113506 289
2149 4.838392 292
2150 6.087484 336
2151 5.628453 378
2152 6.178841 308
2153 5.829067 365
2154 5.424612 268
2155 7.311744 311
2156 7.873331 81
2157 7.360703 1
2158 5.177393 99
2159 7.360703 23
2160 -4.278675 0
2161 2.281632 138
2162 -1.659915 6
2163 -4.278675 0
2164 1.379739 129
2165 1.902774 191
2166 -1.659915 191
2167 0.141461 92
2168 1.156210 0
2169 1.156210 0
2170 1.156210 0
2171 1.156210 0
2172 1.156210 0
2173 2.550706 245
2174 -1.381101 46
2175 1.541765 251
2176 0.000000 0
2177 0.000000 0
2178 0.000000 0
2179 0.000000 0
2180 0.000000 0
2181 0.000000 0
2182 0.000000 0
2183 0.000000 0
2184 0.000000 0
2185 0.000000 0
2186 0.000000 0
2187 0.000000 0
2188 0.000000 0
2189 0.000000 0
2190 0.000000 0
2191 0.000000 0
2192 0.000000 0
2193 0.000000 0
2194 0.000000 0
2195 0.000000 0
2196 0.000000 0
2197 0.000000 0
2198 0.000000 0
2199 0.000000 0
2200 0.000000 0
2201 0.000000 0
2202 0.000000 0
2203 0.000000 0
2204 0.000000 0
2205 0.000000 0
2206 0.000000 0
2207 0.000000 0
2208 -3.225740 0
2209 5.381169 206
2210 7.658723 133
2211 2.113446 63
2212 7.926142 97
2213 5.248598 32
2214 4.844626 50
2215 5.350997 48
2216 6.634911 38
2217 5.238014 65
2218 4.256440 114
2219 5.850161 21
2220 5.484641 224
2221 -3.225740 0
2222 3.986973 610
2223 7.846070 240
2224 3.379183 72
2225 3.379183 31
2226 3.379183 34
2227 -3.921726 0
2228 3.379183 76
2229 2.066180 42
2230 4.708359 102
2231 3.633796 98
2232 1.133181 0
2233 2.474312 104
2234 2.224501 154
2235 2.444110 297
2236 1.074758 157
2237 0.214466 101
2238 1.459653 115
2239 -3.921726 0
2240 -5.415563 30
2241 -5.716723 349
2242 -3.987693 428
2243 -4.242447 0
2244 -6.144822 445
2245 -4.227407 686
2246 -4.076068 486
2247 -4.033089 241
2248 -4.336672 114
2249 -7.209921 122
2250 -7.797677 65
2251 -6.959059 154
2252 -6.290773 69
2253 -6.018472 24
2254 -4.242447 0
2255 -4.764763 76
2256 -5.385771 8
2257 -4.860561 189
2258 -4.195535 125
2259 -3.226066 0
2260 -5.284874 137
2261 -5.967245 358
2262 -7.388002 433
2263 -6.061801 293
2264 -6.117416 179
2265 -7.614097 85
2266 -7.301762 33
2267 -7.301762 36
2268 -7.301762 16
2269 -7.206444 46
2270 -7.301762 32
2271 -3.226066 0
2272 -10.590977 274
2273 -10.038643 513
2274 -6.031567 410
2275 -7.508755 0
2276 -7.802878 288
2277 -6.355471 482
2278 -6.908980 427
2279 -3.953409 0
2280 -5.719597 153
2281 -8.932609 220
2282 -5.803026 349
2283 -3.953409 0
2284 -3.988999 221
2285 -5.155282 119
2286 -6.168804 84
2287 -5.803026 0
2288 -9.912611 24
2289 -9.912611 34
2290 -9.912611 17
2291 -9.912611 21
2292 -9.912611 12
2293 -9.899558 258
2294 -10.105742 121
2295 -9.448253 127
2296 -12.968384 7
2297 -12.968384 9
2298 -9.789365 75
2299 -11.309823 106
2300 -2.903012 0
2301 -10.229513 73
2302 -13.815588 57
2303 -2.903012 0
2304 -5.159890 8
2305 -5.159890 65
2306 -4.692666 163
2307 -2.546820 0
2308 -6.176333 157
2309 -5.862421 154
2310 -5.945569 157
2311 -5.948355 108
2312 -6.090239 56
2313 -8.602239 57
2314 -5.896916 86
2315 -6.658927 106
2316 -2.546820 0
2317 -6.957751 70
2318 -9.561693 39
2319 -4.479880 70
2320 -0.287902 0
2321 -6.895921 2
2322 -6.895921 3
2323 -6.895921 3
2324 -6.895921 12
2325 -6.895921 24
2326 -6.895921 11
2327 -6.895921 50
2328 -4.312319 36
2329 -6.469609 43
2330 -4.483660 30
2331 -6.090173 37
2332 -4.483660 28
2333 -6.833672 72
2334 -0.287902 0
2335 -5.527569 66
2336 -0.275297 10
2337 -1.074712 225
2338 -2.009318 160
2339 -1.056547 0
2340 0.632441 331
2341 -0.098613 257
2342 -2.085271 422
2343 -1.771676 394
2344 -1.968407 198
2345 -1.694627 211
2346 -0.397338 165
2347 1.280669 265
2348 -1.056547 0
2349 2.147346 445
2350 1.220660 470
2351 5.369818 473
2352 6.704900 2
2353 7.444824 257
2354 6.748733 255
2355 -1.011297 0
2356 6.379147 236
2357 6.524858 324
2358 7.137355 126
2359 6.083543 76
2360 8.978938 86
2361 6.215422 34
2362 5.303564 60
2363 8.527435 194
2364 10.515931 99
2365 5.673029 252
2366 5.428583 578
2367 -1.011297 0
2368 8.542574 453
2369 -2.276476 0
2370 -0.091594 222
2371 -1.625335 89
2372 -0.864615 566
2373 6.756453 363
2374 6.978633 327
2375 6.644431 160
2376 6.283600 108
2377 -1.480060 80
2378 -3.124733 8
2379 8.443536 79
2380 -1.206142 17
2381 -1.206142 0
2382 -1.206142 13
2383 -2.276476 0
2384 -0.270380 0
2385 3.365868 71
2386 0.859004 2
2387 2.418268 148
2388 2.910303 128
2389 1.611681 101
2390 -0.640899 85
2391 1.990467 95
2392 -0.821593 210
2393 -2.519146 205
2394 -0.686036 377
2395 -0.270380 0
2396 0.345657 16
2397 0.345657 34
2398 0.345657 29
2399 6.589353 173
2400 8.722426 375
2401 8.053634 515
2402 5.076181 341
2403 6.055470 468
2404 5.350163 350
2405 -0.685340 0
2406 5.414684 794
2407 4.246604 934
2408 4.503890 1350
2409 -0.685340 0
2410 4.394105 2173
2411 5.243323 2529
2412 5.254106 2607
2413 4.958196 1476
2414 2.748532 341
2415 6.696565 640
2416 -2.211257 0
2417 1.700347 192
2418 1.683220 307
2419 1.914066 145
2420 0.576619 104
2421 1.854351 6
2422 -2.211257 0
2423 2.289595 126
2424 2.225490 93
2425 0.771395 144
2426 -0.332153 213
2427 1.894347 1251
2428 2.086785 427
2429 0.634947 92
2430 -0.128367 27
2431 2.281133 69
2432 -0.684023 0
2433 1.695511 82
2434 -1.433154 135
2435 -0.684023 0
2436 -0.565100 239
2437 0.250446 262
2438 0.608770 703
2439 -0.702501 321
2440 -0.992357 229
2441 -0.551008 940
2442 -0.787436 1035
2443 -0.964820 72
2444 0.191544 393
2445 -1.248361 268
2446 -0.424522 473
2447 2.908841 379
2448 -0.934934 0
2449 4.060518 76
2450 2.727077 70
2451 -0.934934 0
2452 5.135416 794
2453 5.696629 128
2454 5.069979 318
2455 4.153493 401
2456 5.959662 181
2457 2.316611 71
2458 3.866600 98
2459 6.036422 54
2460 2.310284 38
2461 3.984498 40
2462 3.859280 47
2463 4.146927 31
2464 0.000000 0
2465 0.000000 0
2466 0.000000 0
2467 0.000000 0
2468 0.000000 0
2469 0.000000 0
2470 0.000000 0
2471 0.000000 0
2472 0.000000 0
2473 0.000000 0
2474 0.000000 0
2475 0.000000 0
2476 0.000000 1
2477 0.000000 0
2478 0.000000 0
2479 0.000000 0
2480 0.000000 0
2481 0.000000 0
2482 0.000000 0
2483 0.000000 0
2484 0.000000 0
2485 0.000000 0
2486 0.000000 0
2487 0.000000 0
2488 0.000000 0
2489 0.000000 0
2490 0.000000 0
2491 0.000000 0
2492 0.000000 0
2493 0.000000 0
2494 0.000000 0
2495 0.000000 0
2496 0.000000 1
2497 0.000000 1
2498 0.000000 0
2499 0.000000 0
2500 0.000000 0
2501 0.000000 0
2502 0.000000 0
2503 0.000000 0
2504 0.000000 0
2505 0.000000 0
2506 0.000000 1
2507 0.000000 0
2508 0.000000 0
2509 0.000000 0
2510 0.000000 0
2511 0.000000 0
2512 0.000000 0
2513 0.000000 0
2514 0.000000 5
2515 0.000000 0
2516 0.000000 0
2517 0.000000 0
2518 0.000000 0
2519 0.000000 5
2520 0.000000 1
2521 0.000000 4
2522 0.000000 0
2523 0.000000 0
2524 0.000000 0
2525 0.000000 0
2526 0.000000 0
2527 0.000000 0
2528 0.000000 0
2529 0.000000 1
2530 0.000000 2
2531 0.000000 0
2532 0.000000 5
2533 0.000000 0
2534 0.000000 11
2535 0.000000 18
2536 0.000000 7
2537 0.000000 0
2538 0.000000 11
2539 0.000000 0
2540 0.000000 11
2541 0.000000 3
2542 0.000000 0
2543 0.000000 0
2544 0.000000 0
2545 0.000000 5
2546 0.000000 1
2547 0.000000 0
2548 0.000000 9
2549 0.000000 9
2550 0.000000 5
2551 0.000000 0
2552 0.000000 1
2553 0.000000 1
2554 0.000000 0
2555 0.000000 0
2556 0.000000 2
2557 0.000000 0
2558 0.000000 0
2559 0.000000 0
2560 1.586157 18
2561 0.461028 854
2562 2.356434 694
2563 1.538796 0
2564 0.318713 476
2565 1.265647 354
2566 -0.451622 904
2567 -1.048218 1284
2568 -1.823201 535
2569 0.209600 405
2570 1.538796 0
2571 1.049701 555
2572 0.746179 526
2573 -0.134336 457
2574 -0.270074 669
2575 0.299088 689
2576 1.780543 0
2577 -0.353337 0
2578 -1.190729 421
2579 -0.557383 939
2580 -0.703358 888
2581 -1.664837 942
2582 -2.957043 448
2583 -2.891823 594
2584 -2.867851 903
2585 -1.972540 1260
2586 -2.728098 1044
2587 -0.788836 1260
2588 0.156622 0
2589 -1.621729 1088
2590 -1.950335 1194
2591 1.780543 0
2592 1.128151 0
2593 -2.733567 1761
2594 -0.584305 2577
2595 -1.121503 54
2596 -0.981465 3058
2597 -0.830538 3584
2598 -0.875338 3103
2599 -0.247618 2292
2600 -1.708095 2015
2601 -1.094320 2670
2602 -1.594036 3119
2603 -1.560500 1950
2604 -1.720540 1327
2605 -4.456599 34
2606 -4.456599 0
2607 1.128151 0
2608 -1.474012 14
2609 -1.592385 1549
2610 -1.474012 20
2611 0.364316 0
2612 -2.275506 635
2613 -2.173507 716
2614 -2.028811 1117
2615 -1.648939 2503
2616 -2.556381 2240
2617 -3.808422 1070
2618 -3.691286 2600
2619 -2.924308 3077
2620 -2.865465 493
2621 0.364316 0
2622 -1.524317 524
2623 -6.209874 35
2624 2.680246 940
2625 1.410533 830
2626 1.462287 270
2627 2.978595 348
2628 2.254786 314
2629 1.834931 637
2630 1.796561 640
2631 2.551808 525
2632 0.955262 405
2633 2.132247 0
2634 0.407543 325
2635 2.043811 366
2636 2.132247 0
2637 1.578135 210
2638 -1.123573 60
2639 3.996133 83
2640 0.000000 10
2641 0.000000 6
2642 0.000000 6
2643 0.000000 0
2644 0.000000 4
2645 0.000000 0
2646 0.000000 0
2647 0.000000 0
2648 0.000000 0
2649 0.000000 0
2650 0.000000 0
2651 0.000000 0
2652 0.000000 0
2653 0.000000 0
2654 0.000000 0
2655 0.000000 0
2656 0.000000 0
2657 0.000000 0
2658 0.000000 0
2659 0.000000 0
2660 0.000000 0
2661 0.000000 0
2662 0.000000 0
2663 0.000000 0
2664 0.000000 0
2665 0.000000 0
2666 0.000000 0
2667 0.000000 0
2668 0.000000 0
2669 0.000000 0
2670 0.000000 0
2671 0.000000 0
2672 0.000000 0
2673 0.000000 0
2674 0.000000 0
2675 0.000000 0
2676 0.000000 0
2677 0.000000 0
2678 0.000000 0
2679 0.000000 0
2680 0.000000 0
2681 0.000000 0
2682 0.000000 0
2683 0.000000 0
2684 0.000000 0
2685 0.000000 0
2686 0.000000 0
2687 0.000000 0

[ECalTiming]
p0 14.807420
p1 0.811280
delta 31.680784

[TimeWalk]
p1_L1 13.987991
p1_L2 15.764852
totref_L1 12.000000
totref_L2 12.000000
totmin 5.000000
totmax 30.000000
