# CDet timing versus ECal time by half-bar (PMT group)
# Four overview canvases: two seven-half-bar banks for each layer
# layer half_module bank half_bar_in_half_module global_half_bar entries fit_status p0_ns p0_err_ns p1_ns_per_ns p1_err chi2 ndf chi2_ndf probability
1 0 0 0 0 0 -1 nan nan nan nan nan 0 nan nan
1 0 0 1 1 0 -1 nan nan nan nan nan 0 nan nan
1 0 0 2 2 0 -1 nan nan nan nan nan 0 nan nan
1 0 0 3 3 15 0 39.5499 4.19594 -0.562376 0.162074 2.41271 1 2.41271 0.120354
1 0 0 4 4 299 0 36.4857 1.93141 -0.216239 0.0776017 12.432 2 6.21601 0.0019972
1 0 0 5 5 169 0 40.2455 1.80492 -0.305803 0.0757049 27.9474 3 9.31581 3.72551e-06
1 0 0 6 6 601 0 36.1269 1.25922 -0.253218 0.0549958 2.76072 2 1.38036 0.251488
1 1 0 0 14 1382 0 37.3042 0.763612 -0.213262 0.0310678 0.338709 3 0.112903 0.952591
1 1 0 1 15 1896 0 34.8933 0.572245 -0.185885 0.0244543 3.62468 3 1.20823 0.304948
1 1 0 2 16 2764 0 32.3238 0.371142 -0.0787907 0.016046 0.733202 3 0.244401 0.865368
1 1 0 3 17 1782 0 34.3853 0.483778 -0.148868 0.0206221 2.9923 3 0.997433 0.392814
1 1 0 4 18 1506 0 36.1665 0.446676 -0.254008 0.0197531 28.4531 4 7.11327 1.00947e-05
1 1 0 5 19 918 0 37.0622 0.674737 -0.297492 0.0294254 0.718631 3 0.239544 0.868813
1 1 0 6 20 1277 0 36.6846 0.473276 -0.257022 0.0211475 3.08366 3 1.02789 0.378905
1 2 0 0 28 10304 0 34.0685 0.180539 -0.241164 0.00835966 17.0663 4 4.26657 0.00187645
1 2 0 1 29 11494 0 36.5157 0.203363 -0.389677 0.00981029 80.1089 3 26.703 2.90856e-17
1 2 0 2 30 21312 0 34.8269 0.109707 -0.2311 0.00516985 57.5786 4 14.3947 9.3544e-12
1 2 0 3 31 2035 0 31.0395 0.381093 -0.145364 0.0186138 21.4346 3 7.14487 8.55135e-05
1 2 0 4 32 7814 0 32.7664 0.219657 -0.262923 0.011219 55.9462 3 18.6487 4.31341e-12
1 2 0 5 33 8546 0 29.1427 0.2175 -0.106486 0.0110708 4.31799 3 1.43933 0.229111
1 2 0 6 34 6660 0 36.1921 0.288147 -0.335733 0.0130161 18.2143 4 4.55357 0.00112059
1 3 0 0 42 0 -1 nan nan nan nan nan 0 nan nan
1 3 0 1 43 0 -1 nan nan nan nan nan 0 nan nan
1 3 0 2 44 4 0 5.37737 2.51323e+08 0.959737 8.97581e+06 0 0 nan nan
1 3 0 3 45 127 0 32.8386 1.86577 -0.0628146 0.0710263 2.63419 2 1.31709 0.267913
1 3 0 4 46 749 0 33.9927 0.829177 -0.0201793 0.0322735 11.4623 3 3.82077 0.00947147
1 3 0 5 47 424 0 44.416 1.94586 -0.498358 0.0776614 9.72791 2 4.86396 0.00771989
1 3 0 6 48 578 0 40.985 1.38095 -0.345399 0.0546228 3.96588 2 1.98294 0.137664
1 4 0 0 56 3109 0 34.1155 0.388832 -0.011327 0.0146963 14.2631 4 3.56578 0.00650097
1 4 0 1 57 3034 0 35.089 0.481781 -0.0930681 0.0186526 77.6025 4 19.4006 5.60693e-16
1 4 0 2 58 3798 0 39.9408 0.375524 -0.263947 0.0143205 72.6535 4 18.1634 6.24475e-15
1 4 0 3 59 1151 0 35.0802 1.0119 -0.11085 0.0403095 2.93523 2 1.46761 0.230475
1 4 0 4 60 1665 0 35.3918 0.661522 -0.130465 0.0264836 7.6278 3 2.5426 0.054364
1 4 0 5 61 178 0 35.0767 2.32294 -0.130158 0.0955609 3.59582 1 3.59582 0.0579252
1 4 0 6 62 3870 0 34.2413 0.419568 -0.183243 0.018006 5.8322 3 1.94407 0.120066
1 5 0 0 70 0 -1 nan nan nan nan nan 0 nan nan
1 5 0 1 71 6 1 nan nan nan nan nan 0 nan nan
1 5 0 2 72 5 1 nan nan nan nan nan 0 nan nan
1 5 0 3 73 20 0 49.8929 4.04085 -0.839286 0.177569 3.0857e-25 0 nan nan
1 5 0 4 74 82 0 35.7654 3.06602 -0.388383 0.154447 1.07459 1 1.07459 0.299911
1 5 0 5 75 2282 0 32.0954 0.431223 -0.21311 0.0208763 28.6358 3 9.54528 2.67082e-06
1 5 0 6 76 9440 0 30.8694 0.229949 -0.145562 0.0110776 135.98 4 33.9951 2.04672e-28
1 0 1 7 7 0 -1 nan nan nan nan nan 0 nan nan
1 0 1 8 8 1068 0 36.8152 0.558099 -0.214665 0.023514 1.31132 2 0.655662 0.519098
1 0 1 9 9 2612 0 38.512 0.523067 -0.274322 0.0216451 32.4075 2 16.2037 9.17916e-08
1 0 1 10 10 2437 0 34.4131 0.422998 -0.149935 0.0182523 23.9322 4 5.98304 8.24151e-05
1 0 1 11 11 1448 0 37.035 0.486125 -0.191113 0.0200803 5.35166 4 1.33791 0.25308
1 0 1 12 12 670 0 35.1878 1.01629 -0.136786 0.0415298 2.31384 3 0.771282 0.509874
1 0 1 13 13 1866 0 34.0507 0.720001 -0.0953875 0.0294632 61.9913 3 20.6638 2.20647e-13
1 1 1 7 21 3991 0 34.8706 0.280467 -0.203692 0.0126046 59.427 3 19.809 7.79227e-13
1 1 1 8 22 116 0 39.1153 2.63046 -0.360009 0.112908 0.066261 1 0.066261 0.796861
1 1 1 9 23 1838 0 36.8623 0.482854 -0.308348 0.0216224 19.8703 3 6.62343 0.000180579
1 1 1 10 24 0 -1 nan nan nan nan nan 0 nan nan
1 1 1 11 25 6304 0 33.7094 0.28011 -0.205167 0.0128263 13.6417 4 3.41042 0.00853104
1 1 1 12 26 11757 0 31.8384 0.165093 -0.0879037 0.00757931 32.6291 3 10.8764 3.8562e-07
1 1 1 13 27 13629 0 34.3091 0.185266 -0.196986 0.00837093 208.939 4 52.2348 4.4934e-44
1 2 1 7 35 3691 0 34.3431 0.468114 -0.142878 0.0194686 7.84788 3 2.61596 0.0492624
1 2 1 8 36 5402 0 34.3504 0.224083 -0.322145 0.010718 37.3771 4 9.34427 1.50619e-07
1 2 1 9 37 4484 0 35.9814 0.290883 -0.456657 0.0147719 8.89337 3 2.96446 0.0307428
1 2 1 10 38 201 0 29.9356 2.49096 -0.0972071 0.136359 0.709999 2 0.355 0.701174
1 2 1 11 39 1 -1 nan nan nan nan nan 0 nan nan
1 2 1 12 40 0 -1 nan nan nan nan nan 0 nan nan
1 2 1 13 41 0 -1 nan nan nan nan nan 0 nan nan
1 3 1 7 49 238 0 38.3209 1.59526 -0.368143 0.0662617 3.51083 2 1.75541 0.172836
1 3 1 8 50 2998 0 39.5357 0.475705 -0.313734 0.019378 89.9504 3 29.9835 2.24493e-19
1 3 1 9 51 538 0 47.0675 0.958532 -0.534243 0.0398708 10.7318 3 3.57726 0.0132683
1 3 1 10 52 715 0 42.7762 0.640813 -0.331253 0.0247619 35.7381 3 11.9127 8.50645e-08
1 3 1 11 53 41 0 33.7393 4.80037 -0.232713 0.193738 3.73284 2 1.86642 0.154676
1 3 1 12 54 1638 0 39.37 0.564868 -0.2653 0.0230921 28.9861 3 9.66202 2.25458e-06
1 3 1 13 55 1464 0 35.9462 0.63816 -0.091255 0.0249762 3.6155 3 1.20517 0.306089
1 4 1 7 63 3270 0 38.082 0.675206 -0.34641 0.0284071 7.06635 3 2.35545 0.0698128
1 4 1 8 64 1551 0 40.5338 1.02141 -0.268456 0.0406214 6.71238 3 2.23746 0.0816527
1 4 1 9 65 2161 0 35.4849 0.508474 -0.237475 0.0225359 42.873 4 10.7183 1.09951e-08
1 4 1 10 66 14153 0 33.4815 0.195027 -0.120195 0.00834249 167.545 5 33.5089 2.43721e-34
1 4 1 11 67 2875 0 38.2997 0.379243 -0.300892 0.0162566 64.1199 4 16.03 3.94313e-13
1 4 1 12 68 7803 0 37.8616 0.265014 -0.32993 0.0117304 11.2786 4 2.81966 0.0236048
1 4 1 13 69 1638 0 39.336 0.545506 -0.395783 0.02392 12.682 3 4.22732 0.00537739
1 5 1 7 77 15800 0 33.4618 0.130747 -0.26255 0.00636228 77.5273 3 25.8424 1.0407e-16
1 5 1 8 78 14373 0 33.8284 0.11326 -0.239282 0.00554701 107.24 4 26.81 2.82175e-22
1 5 1 9 79 15954 0 35.7981 0.138647 -0.303656 0.00619462 194.676 4 48.6691 5.23925e-41
1 5 1 10 80 2269 0 31.6426 0.322503 -0.221072 0.0149856 38.8091 4 9.70228 7.62846e-08
1 5 1 11 81 0 -1 nan nan nan nan nan 0 nan nan
1 5 1 12 82 0 -1 nan nan nan nan nan 0 nan nan
1 5 1 13 83 0 -1 nan nan nan nan nan 0 nan nan
2 0 0 0 0 0 -1 nan nan nan nan nan 0 nan nan
2 0 0 1 1 0 -1 nan nan nan nan nan 0 nan nan
2 0 0 2 2 2 -1 nan nan nan nan nan 0 nan nan
2 0 0 3 3 24 0 30.6772 1.79801 -0.090744 0.0771195 1.71424 2 0.857122 0.424382
2 0 0 4 4 343 0 37.5199 1.20476 -0.199841 0.0476247 15.9472 2 7.97362 0.00034443
2 0 0 5 5 114 0 37.4577 1.82165 -0.182559 0.0721214 0.402802 3 0.134267 0.939663
2 0 0 6 6 594 0 37.3017 0.790255 -0.253182 0.0343407 11.6191 2 5.80957 0.00299872
2 1 0 0 14 1497 0 38.8427 0.721985 -0.289688 0.0293896 3.2712 3 1.0904 0.351671
2 1 0 1 15 1836 0 35.0279 0.524685 -0.198482 0.0225163 0.555903 3 0.185301 0.906449
2 1 0 2 16 2747 0 32.485 0.326607 -0.0759584 0.0140002 4.20648 3 1.40216 0.240013
2 1 0 3 17 1752 0 34.4259 0.474225 -0.141028 0.0203979 12.7289 3 4.24297 0.00526111
2 1 0 4 18 1438 0 36.4316 0.52422 -0.274124 0.0227318 51.9007 3 17.3002 3.14457e-11
2 1 0 5 19 893 0 37.5633 0.617731 -0.306406 0.0269099 1.15492 3 0.384974 0.763835
2 1 0 6 20 1286 0 35.9561 0.508591 -0.219834 0.0225424 27.5696 3 9.18986 4.4717e-06
2 2 0 0 28 10761 0 33.9603 0.174498 -0.237977 0.00809759 30.1314 4 7.53284 4.60209e-06
2 2 0 1 29 10116 0 36.3666 0.173525 -0.401885 0.00841259 105.232 3 35.0772 1.16504e-22
2 2 0 2 30 21824 0 35.5455 0.10167 -0.260943 0.00485265 96.8278 4 24.207 4.65535e-20
2 2 0 3 31 1738 0 31.3248 0.377036 -0.115167 0.0175722 11.0476 4 2.7619 0.0260343
2 2 0 4 32 7226 0 33.0772 0.217244 -0.266646 0.0110567 122.977 3 40.9924 1.76269e-26
2 2 0 5 33 7895 0 30.5303 0.201549 -0.211994 0.0103031 61.9623 3 20.6541 2.23826e-13
2 2 0 6 34 7844 0 34.352 0.290594 -0.265869 0.0136553 8.61026 4 2.15257 0.0716146
2 3 0 0 42 0 -1 nan nan nan nan nan 0 nan nan
2 3 0 1 43 0 -1 nan nan nan nan nan 0 nan nan
2 3 0 2 44 2 -1 nan nan nan nan nan 0 nan nan
2 3 0 3 45 880 0 36.7104 0.571563 -0.118534 0.022641 40.8983 3 13.6328 6.87209e-09
2 3 0 4 46 0 -1 nan nan nan nan nan 0 nan nan
2 3 0 5 47 471 0 43.5539 1.44716 -0.467759 0.0583132 13.5204 2 6.76018 0.00115902
2 3 0 6 48 542 0 41.8096 1.58304 -0.382987 0.0622475 8.64625 2 4.32313 0.0132584
2 4 0 0 56 3342 0 33.6742 0.3222 0.0159941 0.0121471 31.6303 4 7.90758 2.27647e-06
2 4 0 1 57 2705 0 35.6472 0.417895 -0.103084 0.0162495 100.055 4 25.0136 9.57696e-21
2 4 0 2 58 3882 0 40.2189 0.356844 -0.263642 0.013644 126.147 4 31.5368 2.59501e-26
2 4 0 3 59 1175 0 36.9387 0.76055 -0.174609 0.0304722 0.0656189 2 0.0328094 0.967723
2 4 0 4 60 1557 0 34.5358 0.566834 -0.101975 0.0228298 25.193 3 8.39765 1.40705e-05
2 4 0 5 61 349 0 36.0108 1.45282 -0.245398 0.0621362 2.12687 3 0.708957 0.546495
2 4 0 6 62 3755 0 35.26 0.345616 -0.204076 0.0149296 5.49357 3 1.83119 0.139023
2 5 0 0 70 1 -1 nan nan nan nan nan 0 nan nan
2 5 0 1 71 0 -1 nan nan nan nan nan 0 nan nan
2 5 0 2 72 2 -1 nan nan nan nan nan 0 nan nan
2 5 0 3 73 11 0 -10.25 35.7672 1.9375 1.50412 5.2868e-27 0 nan nan
2 5 0 4 74 53 0 46.4208 5.5834 -0.702726 0.268959 0.0627406 1 0.0627406 0.802216
2 5 0 5 75 37 0 29.6084 4.78821 0.15421 0.242944 0.123177 1 0.123177 0.725614
2 5 0 6 76 8453 0 32.042 0.222606 -0.197776 0.0106559 105.513 3 35.1709 1.01351e-22
2 0 1 7 7 119 0 36.2704 1.84667 -0.21188 0.0761356 2.6222 1 2.6222 0.105378
2 0 1 8 8 1102 0 35.0818 0.533937 -0.155303 0.0224272 19.8338 3 6.61125 0.000183754
2 0 1 9 9 2698 0 38.7928 0.508548 -0.290238 0.020918 8.09928 2 4.04964 0.0174286
2 0 1 10 10 2242 0 35.2103 0.394836 -0.197013 0.0170606 73.62 4 18.405 3.90148e-15
2 0 1 11 11 1781 0 36.7516 0.413648 -0.172617 0.0169142 15.3092 4 3.82729 0.00410112
2 0 1 12 12 286 0 37.8287 1.26803 -0.270956 0.0524906 1.06625 3 0.355417 0.785227
2 0 1 13 13 1936 0 35.6334 0.711247 -0.156321 0.0290146 49.4119 3 16.4706 1.06597e-10
2 1 1 7 21 4054 0 35.2616 0.262298 -0.222495 0.0117496 82.9228 3 27.6409 7.24374e-18
2 1 1 8 22 4 -1 nan nan nan nan nan 0 nan nan
2 1 1 9 23 1290 0 36.0618 0.526566 -0.270599 0.023632 23.0902 3 7.69674 3.86717e-05
2 1 1 10 24 675 0 34.0479 0.734637 -0.269557 0.0345732 5.28253 2 2.64126 0.0712711
2 1 1 11 25 3083 0 34.0092 0.354971 -0.192924 0.0160773 5.87807 4 1.46952 0.208441
2 1 1 12 26 5965 0 32.8936 0.228569 -0.173643 0.0104653 101.225 4 25.3063 5.39442e-21
2 1 1 13 27 21949 0 33.3089 0.127935 -0.149792 0.00578643 325.796 4 81.4491 2.94322e-69
2 2 1 7 35 4490 0 33.3975 0.352926 -0.132175 0.0148999 52.58 4 13.145 1.0433e-10
2 2 1 8 36 4203 0 32.8717 0.244447 -0.234591 0.0115299 20.4788 4 5.11971 0.000401625
2 2 1 9 37 5247 0 35.6592 0.270036 -0.428421 0.0135061 3.69643 3 1.23214 0.296166
2 2 1 10 38 1219 0 36.8033 0.64118 -0.481582 0.0334164 10.3705 3 3.45684 0.0156654
2 2 1 11 39 16 0 -194.367 1.59208e+08 11.5933 7.96038e+06 5.87486e-28 0 nan nan
2 2 1 12 40 0 -1 nan nan nan nan nan 0 nan nan
2 2 1 13 41 0 -1 nan nan nan nan nan 0 nan nan
2 3 1 7 49 279 0 36.3201 1.19607 -0.277762 0.0507244 16.4941 2 8.24705 0.000262031
2 3 1 8 50 2947 0 38.6323 0.440084 -0.271717 0.0178555 0.854915 3 0.284972 0.836292
2 3 1 9 51 1251 0 43.3916 0.669801 -0.378189 0.0264062 40.8319 3 13.6106 7.09856e-09
2 3 1 10 52 0 -1 nan nan nan nan nan 0 nan nan
2 3 1 11 53 0 -1 nan nan nan nan nan 0 nan nan
2 3 1 12 54 1730 0 38.1684 0.600458 -0.210156 0.0242828 29.7345 3 9.91149 1.56943e-06
2 3 1 13 55 1498 0 35.7207 0.534807 -0.083215 0.0212195 16.106 3 5.36865 0.00107865
2 4 1 7 63 2376 0 41.2551 0.488008 -0.465875 0.0209729 20.216 3 6.73866 0.000153117
2 4 1 8 64 2342 0 41.1234 0.679158 -0.443931 0.0282623 22.6318 3 7.54394 4.81854e-05
2 4 1 9 65 1811 0 34.8607 0.497158 -0.217191 0.0223838 27.51 4 6.87749 1.56758e-05
2 4 1 10 66 13777 0 33.6795 0.157074 -0.139359 0.00670151 379.892 5 75.9784 6.38687e-80
2 4 1 11 67 3583 0 37.8835 0.291453 -0.262671 0.0124364 118.015 4 29.5038 1.41757e-24
2 4 1 12 68 6737 0 37.6195 0.262231 -0.32653 0.0116511 20.4742 4 5.11856 0.000402468
2 4 1 13 69 2783 0 37.8276 0.400826 -0.322685 0.017752 8.8746 4 2.21865 0.0643115
2 5 1 7 77 11503 0 32.4387 0.194229 -0.222637 0.0093819 125.803 3 41.9342 4.34029e-27
2 5 1 8 78 18721 0 34.2624 0.109756 -0.273169 0.00546127 81.5139 4 20.3785 8.32162e-17
2 5 1 9 79 16680 0 35.0926 0.117619 -0.265976 0.00531692 237.495 4 59.3737 3.21307e-50
2 5 1 10 80 4752 0 32.688 0.214474 -0.253069 0.00981561 150.936 4 37.734 1.28276e-31
2 5 1 11 81 14 0 34.5117 1.90983 -0.09375 0.09375 0.0156556 1 0.0156556 0.900427
2 5 1 12 82 0 -1 nan nan nan nan nan 0 nan nan
2 5 1 13 83 0 -1 nan nan nan nan nan 0 nan nan
