# CDet master calibration constants
# run 5710
# calibration_stage 7
# events_processed 2951891

[PixelOffsets]
0 0.000000 0
1 0.000000 0
2 0.000000 0
3 0.000000 0
4 0.000000 0
5 0.000000 0
6 0.000000 0
7 0.000000 0
8 0.000000 0
9 0.000000 0
10 0.000000 0
11 0.000000 0
12 0.000000 0
13 0.000000 0
14 0.000000 0
15 0.000000 0
16 0.000000 0
17 0.000000 0
18 0.000000 0
19 0.000000 0
20 0.000000 0
21 0.000000 0
22 0.000000 0
23 0.000000 0
24 0.000000 0
25 0.000000 0
26 0.000000 0
27 0.000000 0
28 0.000000 0
29 0.000000 0
30 0.000000 0
31 0.000000 0
32 0.000000 0
33 0.000000 0
34 0.000000 0
35 0.000000 0
36 0.000000 0
37 0.000000 0
38 0.000000 0
39 0.000000 0
40 0.000000 0
41 0.000000 0
42 0.000000 0
43 0.000000 0
44 0.000000 0
45 0.000000 0
46 0.000000 0
47 0.000000 0
48 0.000000 1
49 0.000000 0
50 0.000000 0
51 0.000000 0
52 0.000000 0
53 0.000000 0
54 0.000000 0
55 0.000000 1
56 0.000000 1
57 0.000000 0
58 0.000000 2
59 0.000000 0
60 0.000000 0
61 0.000000 0
62 0.000000 2
63 0.000000 9
64 -2.571568 3
65 -2.571568 0
66 -2.571568 3
67 -2.571568 7
68 -2.571568 6
69 -2.571568 3
70 -2.571568 4
71 -2.571568 10
72 3.922763 36
73 2.201373 32
74 5.194454 42
75 3.926317 38
76 3.386803 46
77 5.036714 38
78 2.201373 33
79 -2.571568 0
80 3.442237 10
81 3.442237 5
82 3.442237 30
83 -1.012025 0
84 3.442237 18
85 3.442237 2
86 3.442237 1
87 6.342857 40
88 -1.012025 4
89 -1.012025 1
90 -1.012025 0
91 -1.012025 2
92 -1.012025 0
93 -1.012025 0
94 -1.012025 0
95 -1.012025 0
96 -0.696269 0
97 -0.696269 0
98 -0.696269 0
99 -0.696269 0
100 -0.696269 0
101 6.737282 1
102 -0.696269 1
103 -0.696269 2
104 6.403136 3
105 7.407761 70
106 7.166411 80
107 6.403136 32
108 6.403136 49
109 -0.696269 0
110 6.203999 73
111 -0.696269 0
112 0.000000 0
113 0.000000 0
114 0.000000 0
115 0.000000 0
116 0.000000 0
117 0.000000 0
118 0.000000 0
119 0.000000 0
120 0.000000 0
121 0.000000 0
122 0.000000 0
123 0.000000 0
124 0.000000 0
125 0.000000 0
126 0.000000 0
127 0.000000 0
128 3.455814 13
129 -1.922778 47
130 4.810515 41
131 3.455814 12
132 4.534316 58
133 3.091279 46
134 2.657241 63
135 1.284856 64
136 3.502154 157
137 1.800202 125
138 2.607961 95
139 3.060949 161
140 -1.697392 0
141 1.958273 136
142 2.395422 12
143 -1.697392 0
144 0.641271 63
145 -2.131665 0
146 -0.642741 12
147 -0.642741 0
148 1.620089 53
149 -0.642741 31
150 -0.642741 22
151 -0.642741 18
152 0.993907 70
153 1.332404 180
154 2.036635 509
155 1.194981 484
156 -2.131665 0
157 -0.684734 49
158 1.262088 520
159 2.795779 468
160 2.737468 229
161 -1.924083 0
162 -2.430178 101
163 -0.221404 161
164 -1.495527 142
165 -1.778559 52
166 -1.924083 28
167 -1.827980 149
168 -0.588375 155
169 -0.278493 378
170 -2.465132 342
171 -1.527672 100
172 -1.096805 0
173 -1.825697 23
174 -1.825697 271
175 -1.096805 0
176 -2.775066 0
177 -3.192023 15
178 -3.192023 30
179 -4.006504 39
180 -3.176981 98
181 -3.192023 14
182 -6.264976 96
183 -0.046346 353
184 1.684056 445
185 -3.393494 13
186 -3.893815 38
187 -3.393494 31
188 -2.775066 0
189 -2.855513 82
190 -3.393494 7
191 -3.393494 21
192 7.475058 289
193 3.528319 21
194 3.528319 11
195 -2.181144 0
196 2.357835 63
197 3.528319 42
198 1.947686 34
199 -2.181144 0
200 -2.181144 3
201 -2.181144 8
202 -2.181144 7
203 -2.181144 1
204 -2.181144 1
205 -2.181144 12
206 -2.181144 9
207 -2.181144 10
208 5.552867 64
209 3.375932 212
210 3.310505 281
211 -0.202133 234
212 2.665346 105
213 -2.339886 0
214 -1.951278 231
215 -1.585732 259
216 -1.699030 45
217 -2.006996 75
218 1.956984 25
219 1.956984 25
220 -2.339886 0
221 1.956984 27
222 1.956984 15
223 1.956984 0
224 3.170158 52
225 1.267213 13
226 1.267213 27
227 2.249959 70
228 1.504654 42
229 0.040761 41
230 0.681454 48
231 1.460571 48
232 -0.831073 89
233 0.659647 161
234 1.134773 205
235 0.538150 156
236 -2.704137 0
237 -1.280120 168
238 -0.533998 90
239 -2.704137 0
240 8.480918 81
241 4.307258 20
242 3.250345 97
243 4.307258 16
244 -1.258765 0
245 4.307258 14
246 2.148162 89
247 1.421407 137
248 1.719849 87
249 0.494176 333
250 1.251189 440
251 1.547116 32
252 1.547116 129
253 0.462137 122
254 2.817874 58
255 -1.258765 0
256 1.335900 13
257 2.553109 96
258 1.335900 155
259 2.065101 259
260 1.335900 12
261 -0.078128 178
262 -0.602419 276
263 1.357926 207
264 -1.887280 113
265 1.268668 423
266 0.065679 436
267 1.312711 236
268 -1.084751 0
269 1.642823 88
270 -0.876193 50
271 -1.084751 0
272 3.672331 86
273 -0.072055 259
274 1.072789 65
275 -0.167165 155
276 0.199347 101
277 0.736556 32
278 0.001334 45
279 0.736556 2
280 2.161193 320
281 -0.231229 200
282 0.649009 276
283 1.573000 1
284 -1.349014 0
285 -0.702603 46
286 0.701946 105
287 -1.349014 0
288 4.081960 123
289 -0.579025 98
290 0.652103 133
291 1.162538 77
292 0.909475 33
293 0.434702 94
294 1.184020 27
295 1.013914 45
296 2.578002 112
297 1.623432 164
298 0.507839 198
299 3.381124 99
300 -0.948016 0
301 -0.505532 87
302 1.350518 47
303 -0.948016 0
304 2.193342 51
305 2.257190 126
306 2.025058 93
307 -0.789748 0
308 2.093299 95
309 1.787497 176
310 2.451646 184
311 3.575123 100
312 -0.789748 21
313 -0.789748 9
314 -0.789748 6
315 -0.789748 0
316 -0.789748 0
317 -0.789748 0
318 -0.789748 0
319 -0.789748 0
320 3.647247 0
321 3.647247 5
322 3.647247 8
323 3.647247 7
324 3.647247 22
325 3.647247 31
326 3.200038 38
327 2.697951 67
328 3.335794 99
329 2.580527 78
330 3.206743 202
331 5.751769 55
332 -1.371688 0
333 3.488345 290
334 2.652955 208
335 -1.371688 0
336 2.407409 218
337 -0.488584 372
338 0.259613 336
339 -0.541186 0
340 0.335019 405
341 -2.414049 328
342 -1.273052 201
343 -0.500471 243
344 -0.771139 121
345 -1.505728 159
346 -0.145735 293
347 0.673548 302
348 1.715775 277
349 0.013376 165
350 1.674141 94
351 -0.541186 0
352 0.000000 17
353 0.000000 19
354 0.000000 0
355 0.000000 1
356 0.000000 5
357 0.000000 7
358 0.000000 5
359 0.000000 1
360 0.000000 3
361 0.000000 2
362 0.000000 0
363 0.000000 2
364 0.000000 0
365 0.000000 2
366 0.000000 4
367 -2.334682 40
368 -3.051450 12
369 -3.051450 3
370 -4.852519 82
371 -0.630554 0
372 -4.571055 58
373 -3.051450 32
374 -6.825406 43
375 -6.422845 61
376 -4.505410 168
377 -5.144685 104
378 -5.415380 78
379 -4.754671 159
380 -3.898531 122
381 -0.630554 0
382 -4.493164 93
383 -3.378106 340
384 0.000000 0
385 0.000000 0
386 0.000000 0
387 0.000000 0
388 0.000000 0
389 0.000000 0
390 0.000000 0
391 0.000000 0
392 0.000000 0
393 0.000000 0
394 0.000000 0
395 0.000000 0
396 0.000000 0
397 0.000000 0
398 0.000000 0
399 0.000000 0
400 7.284806 0
401 0.056662 0
402 7.284806 0
403 7.284806 0
404 7.284806 0
405 6.965200 487
406 10.447144 408
407 7.802132 267
408 6.594756 284
409 -7.158116 393
410 0.056662 0
411 -6.446879 579
412 -7.300154 79
413 -8.658346 872
414 -8.887790 979
415 -9.531090 1152
416 -8.028309 0
417 7.929538 382
418 -8.028309 0
419 -0.286823 0
420 -8.028309 0
421 -8.028309 18
422 -1.609958 100
423 -0.286823 0
424 -0.658133 30
425 -0.658133 0
426 -0.658133 1
427 -0.658133 0
428 -1.743923 112
429 -2.331136 2345
430 0.779147 4717
431 -0.985258 2498
432 4.519015 1104
433 2.066913 1099
434 1.616542 556
435 -0.342611 0
436 -0.342611 0
437 0.983538 449
438 1.297987 2085
439 1.472295 1351
440 0.363313 1147
441 0.375200 68
442 0.382528 19
443 0.321672 570
444 -0.242889 765
445 0.382528 28
446 -0.577978 78
447 -1.050048 235
448 -2.822252 66
449 -5.162763 505
450 -3.135206 52
451 0.738703 0
452 -3.704416 1673
453 -6.580218 694
454 -4.576605 723
455 -5.777015 581
456 -5.739509 1326
457 -5.099788 1438
458 -6.494650 675
459 -6.235555 372
460 -6.306884 113
461 0.738703 0
462 -5.279864 106
463 -5.279864 0
464 8.811256 0
465 1.334987 0
466 8.811256 0
467 7.365545 1088
468 8.811256 14
469 9.661288 1638
470 9.691040 1686
471 7.892734 1405
472 -5.055364 1125
473 -6.629221 1289
474 -6.190116 569
475 -2.987863 148
476 -5.912366 135
477 -6.944645 290
478 -6.703342 855
479 1.334987 0
480 -0.044271 0
481 -5.801551 402
482 -4.602006 130
483 -0.044271 0
484 -3.587895 37
485 -4.878252 2571
486 -4.661374 2468
487 -4.927029 2300
488 -3.305973 3149
489 -4.895422 2951
490 -2.811553 2649
491 -2.610262 1850
492 -5.881331 204
493 -5.798525 155
494 -5.761109 392
495 -5.250598 23
496 -3.056406 70
497 -3.056406 37
498 -3.056406 33
499 -1.898032 37
500 -3.056406 13
501 -3.056406 1
502 -3.056406 6
503 -3.056406 10
504 -4.316946 186
505 -4.734766 65
506 -6.638850 755
507 -4.626335 16
508 1.987202 0
509 -4.357849 44
510 -6.746494 405
511 1.987202 0
512 2.159094 0
513 -9.536785 266
514 -10.912254 75
515 2.159094 0
516 -9.771248 107
517 -12.936727 371
518 -11.929096 542
519 -11.372413 844
520 -10.273016 997
521 -10.506849 1046
522 -9.173171 369
523 -9.505068 188
524 -10.526648 277
525 -11.114907 305
526 -10.789934 503
527 -9.599506 13
528 4.173924 1175
529 -4.573280 1333
530 -3.874711 1477
531 -0.418531 99
532 -1.801328 272
533 -0.988748 419
534 -2.760491 445
535 -0.418531 279
536 -1.092516 111
537 -3.608664 147
538 -1.988912 839
539 -0.317520 335
540 2.522321 0
541 1.683225 207
542 2.599640 153
543 2.522321 0
544 4.918624 233
545 3.280774 848
546 0.752395 0
547 -0.286716 1061
548 0.920722 460
549 -2.086892 315
550 -0.419344 546
551 -0.531111 597
552 -0.524413 234
553 -0.754516 170
554 -1.139044 315
555 0.220706 181
556 -0.138634 22
557 -2.130329 267
558 0.275834 401
559 0.752395 0
560 -4.305498 21
561 -4.445028 471
562 -2.553797 349
563 -1.941640 0
564 0.619568 508
565 -7.650993 88
566 -6.072402 101
567 -0.340668 522
568 -2.451030 31
569 -4.990366 105
570 -6.102871 144
571 -5.084774 265
572 -0.420627 124
573 -1.941640 0
574 -5.764069 111
575 -2.451030 0
576 1.704850 0
577 -0.216568 352
578 0.856383 0
579 -0.988624 74
580 -0.912023 184
581 -1.285824 357
582 0.272891 634
583 -0.098170 519
584 -0.872480 628
585 -0.246021 636
586 -1.070219 505
587 0.343341 337
588 0.565496 90
589 1.704850 0
590 -0.729815 14
591 0.022509 743
592 -2.530565 347
593 -6.340260 111
594 -8.541201 345
595 -8.334246 16
596 1.934962 0
597 -8.280291 763
598 -6.265587 490
599 -5.503723 341
600 -5.552086 389
601 -5.491192 396
602 -5.351212 227
603 -5.466255 166
604 -5.124228 255
605 1.934962 0
606 -5.717241 98
607 -6.615363 108
608 -10.170850 48
609 0.340143 0
610 0.340143 0
611 -8.790027 16
612 -10.577664 49
613 -8.790027 11
614 -8.790027 7
615 -8.790027 4
616 0.340143 19
617 0.340143 27
618 0.340143 14
619 0.340143 4
620 0.340143 2
621 0.340143 0
622 0.340143 0
623 0.340143 0
624 0.000000 2
625 0.000000 0
626 0.000000 0
627 0.000000 0
628 0.000000 0
629 0.000000 0
630 0.000000 0
631 0.000000 0
632 0.000000 0
633 0.000000 0
634 0.000000 0
635 0.000000 0
636 0.000000 0
637 0.000000 0
638 0.000000 0
639 0.000000 0
640 0.000000 0
641 0.000000 0
642 0.000000 0
643 0.000000 0
644 0.000000 0
645 0.000000 0
646 0.000000 0
647 0.000000 0
648 0.000000 0
649 0.000000 0
650 0.000000 0
651 0.000000 0
652 0.000000 0
653 0.000000 0
654 0.000000 0
655 0.000000 0
656 0.000000 0
657 0.000000 0
658 0.000000 0
659 0.000000 0
660 0.000000 0
661 0.000000 0
662 0.000000 0
663 0.000000 0
664 0.000000 0
665 0.000000 0
666 0.000000 0
667 0.000000 0
668 0.000000 0
669 0.000000 0
670 0.000000 0
671 0.000000 0
672 0.000000 0
673 0.000000 0
674 0.000000 0
675 0.000000 0
676 0.000000 0
677 0.000000 0
678 0.000000 0
679 0.000000 0
680 0.000000 0
681 0.000000 0
682 0.000000 0
683 0.000000 0
684 0.000000 0
685 0.000000 0
686 0.000000 0
687 0.000000 0
688 0.000000 0
689 0.000000 0
690 0.000000 0
691 0.000000 0
692 0.000000 0
693 0.000000 0
694 0.000000 0
695 0.000000 0
696 0.000000 0
697 0.000000 0
698 0.000000 0
699 0.000000 0
700 0.000000 0
701 0.000000 0
702 0.000000 0
703 0.000000 0
704 0.000000 0
705 0.000000 0
706 0.000000 0
707 0.000000 0
708 0.000000 0
709 0.000000 0
710 0.000000 0
711 0.000000 0
712 0.000000 0
713 0.000000 0
714 0.000000 0
715 0.000000 0
716 0.000000 0
717 0.000000 0
718 0.000000 1
719 0.000000 0
720 -2.641095 0
721 -2.641095 0
722 -2.641095 0
723 -2.641095 0
724 -2.641095 0
725 -2.641095 0
726 -2.641095 0
727 10.144218 74
728 -2.641095 0
729 -2.641095 0
730 -2.641095 0
731 -2.641095 5
732 -2.641095 29
733 -2.641095 5
734 -2.641095 14
735 -2.641095 6
736 -2.448891 0
737 -2.381247 347
738 -4.275439 0
739 -1.915639 43
740 -2.178342 85
741 -0.877696 148
742 -2.448891 7
743 -2.448891 14
744 -4.275439 4
745 -4.275439 3
746 -4.275439 5
747 -4.275439 2
748 -4.275439 0
749 -4.275439 1
750 -4.275439 0
751 -4.275439 10
752 -2.322131 0
753 -2.322131 0
754 -2.322131 1
755 -2.322131 1
756 -2.322131 4
757 -2.322131 5
758 -2.322131 11
759 -2.322131 10
760 4.065891 45
761 5.665584 37
762 5.727726 65
763 2.419124 46
764 0.138666 41
765 3.212647 86
766 -2.322131 0
767 5.516493 27
768 3.613001 27
769 3.613001 0
770 3.613001 3
771 0.951918 35
772 3.613001 0
773 3.688959 119
774 3.588351 77
775 3.613001 6
776 5.105406 2
777 -2.426516 0
778 5.779604 138
779 5.161914 17
780 -2.426516 0
781 5.105406 30
782 5.105406 9
783 5.105406 18
784 -0.296036 0
785 -0.296036 3
786 -0.296036 10
787 -0.296036 10
788 -0.296036 7
789 -0.296036 1
790 -0.296036 3
791 -0.296036 0
792 8.072109 11
793 9.075888 39
794 8.072109 8
795 8.971512 54
796 8.072109 16
797 8.072109 12
798 8.072109 21
799 8.072109 5
800 -2.014584 0
801 -6.949869 12
802 -12.391274 1422
803 -6.949869 0
804 -2.518063 100
805 -3.074401 149
806 -3.378517 220
807 -2.194154 276
808 -2.253034 216
809 -3.229958 365
810 -3.587641 300
811 -3.121584 241
812 -2.014584 0
813 -3.229958 2
814 -2.315968 263
815 -3.229958 31
816 4.737020 65
817 3.119598 0
818 -4.021166 0
819 3.992988 72
820 5.189000 59
821 3.119598 13
822 6.481670 137
823 3.119598 0
824 -4.021166 0
825 -4.021166 0
826 -4.021166 0
827 -4.021166 0
828 -4.021166 0
829 -4.021166 2
830 -4.021166 0
831 -4.021166 5
832 -2.428124 266
833 -3.324183 223
834 -4.175959 26
835 -5.893177 38
836 -4.175959 10
837 -4.175959 27
838 -2.555535 37
839 -4.175959 0
840 -4.467024 5
841 -4.467024 3
842 -4.467024 2
843 -4.467024 10
844 -4.467024 0
845 -4.467024 3
846 -4.467024 1
847 -4.467024 0
848 0.000000 6
849 0.000000 1
850 0.000000 0
851 0.000000 3
852 0.000000 2
853 0.000000 1
854 0.000000 3
855 0.000000 9
856 0.000000 7
857 0.000000 4
858 0.000000 9
859 0.000000 4
860 0.000000 0
861 0.000000 0
862 0.000000 4
863 0.000000 28
864 3.683655 59
865 4.328465 183
866 0.983854 63
867 -3.005986 0
868 -3.005986 0
869 4.912984 48
870 4.187786 95
871 3.683655 13
872 5.794031 6
873 2.897683 39
874 2.717358 48
875 5.794031 0
876 2.079275 52
877 5.794031 3
878 5.794031 9
879 7.800428 887
880 4.087877 0
881 4.693782 49
882 4.087877 24
883 5.641365 71
884 -3.894657 0
885 -3.894657 0
886 4.087877 28
887 4.770697 67
888 6.080566 122
889 4.377104 71
890 2.510875 43
891 3.640447 26
892 4.233817 95
893 3.641505 275
894 1.268198 110
895 9.244747 341
896 4.936926 43
897 8.023366 262
898 8.095163 187
899 5.041550 131
900 -4.544765 0
901 6.393354 530
902 7.424476 654
903 6.695536 799
904 -4.544765 0
905 6.932615 49
906 5.686878 48
907 5.904293 128
908 4.007525 64
909 3.749792 6
910 5.293752 85
911 3.749792 7
912 -3.561131 0
913 3.089259 0
914 3.089259 0
915 4.901744 298
916 3.768615 175
917 5.449072 562
918 5.556552 885
919 3.014050 468
920 2.921476 717
921 3.745004 0
922 3.745004 0
923 3.745004 0
924 3.745004 0
925 3.745004 0
926 3.745004 0
927 -3.561131 0
928 3.415901 0
929 0.891612 136
930 -0.205348 503
931 1.244040 102
932 3.724198 370
933 4.847970 659
934 1.342095 362
935 3.661119 535
936 2.140180 118
937 2.201014 516
938 0.309020 88
939 2.670677 20
940 -3.638457 0
941 2.221368 66
942 2.670677 4
943 -3.638457 0
944 2.914027 18
945 -2.781188 0
946 2.914027 0
947 -2.781188 0
948 3.054507 36
949 2.914027 49
950 2.914027 10
951 5.252157 280
952 2.380496 86
953 3.449653 65
954 3.185859 121
955 2.679134 1
956 2.679134 21
957 1.254997 113
958 1.213244 116
959 2.679134 6
960 0.913481 188
961 3.215341 0
962 1.531438 101
963 1.291231 208
964 1.335127 105
965 4.894650 182
966 0.527426 136
967 -2.728409 0
968 -1.464872 39
969 -1.856193 40
970 1.646473 44
971 -2.728409 0
972 -1.085188 116
973 0.662092 65
974 -0.838600 29
975 3.396556 61
976 0.339703 5
977 0.339703 2
978 0.339703 1
979 0.339703 2
980 0.339703 24
981 0.339703 0
982 0.340780 82
983 0.339703 0
984 -2.174917 0
985 -2.174917 0
986 -2.174917 0
987 -2.174917 0
988 -2.174917 0
989 -2.174917 33
990 -2.174917 3
991 -2.174917 0
992 4.200698 77
993 3.654385 394
994 3.766986 0
995 3.766986 1
996 1.124180 134
997 3.649068 568
998 0.561359 252
999 2.274383 78
1000 4.600900 244
1001 3.298422 183
1002 4.246039 138
1003 4.107806 527
1004 5.336178 372
1005 -1.042723 0
1006 0.844772 315
1007 -1.042723 0
1008 -2.388105 0
1009 0.324676 398
1010 -3.958533 42
1011 -1.450183 0
1012 -0.624255 763
1013 -2.388105 24
1014 -3.168984 83
1015 -2.388105 0
1016 2.504368 0
1017 2.504368 0
1018 2.504368 0
1019 2.504368 0
1020 2.504368 0
1021 -2.337674 611
1022 1.701168 482
1023 -1.450183 0
1024 -7.750472 56
1025 -4.614640 10
1026 2.036935 718
1027 -5.375165 0
1028 -5.375165 0
1029 -4.614640 0
1030 0.862049 186
1031 -4.614640 0
1032 3.204572 83
1033 4.244673 52
1034 -9.424020 48
1035 -3.656050 42
1036 -0.709710 8
1037 -0.709710 3
1038 -0.709710 4
1039 -0.709710 15
1040 -6.506639 262
1041 -3.942215 254
1042 -14.612744 308
1043 0.016951 0
1044 -8.245692 71
1045 -0.280690 41
1046 -8.245692 10
1047 17.952877 57
1048 12.881891 157
1049 0.496968 135
1050 0.016951 0
1051 -3.731936 1
1052 -3.731936 0
1053 -3.731936 0
1054 -3.731936 0
1055 -4.451206 350
1056 -7.291128 372
1057 -7.790237 356
1058 -5.189575 38
1059 -5.070072 288
1060 -8.506981 297
1061 -0.917605 1225
1062 -6.599209 2186
1063 -6.915086 1676
1064 -5.879363 3262
1065 -8.061491 429
1066 -1.125400 0
1067 -6.529963 568
1068 -1.125400 0
1069 -7.452623 284
1070 -5.655802 1
1071 -1.297415 299
1072 -1.859603 0
1073 -0.276908 7
1074 0.275129 80
1075 -1.859603 0
1076 -0.276908 30
1077 -0.276908 17
1078 -0.276908 34
1079 -0.276908 0
1080 -0.656648 162
1081 0.787714 1602
1082 -0.984114 55
1083 -1.326946 43
1084 -0.656648 11
1085 -1.447641 38
1086 -0.656648 4
1087 -0.480421 59
1088 -0.873952 0
1089 -3.835035 313
1090 -3.873706 518
1091 -5.531434 374
1092 -3.908943 364
1093 -4.923696 473
1094 -4.215828 1191
1095 -4.433820 511
1096 -4.742908 132
1097 -3.967317 483
1098 -2.677548 649
1099 -5.024160 43
1100 -4.216809 210
1101 -3.461461 92
1102 -0.873952 0
1103 1.915208 769
1104 2.457023 243
1105 -0.344331 65
1106 -1.045010 0
1107 3.096940 514
1108 -0.035160 130
1109 1.487368 24
1110 1.487368 32
1111 1.487368 3
1112 -1.045010 7
1113 -1.045010 10
1114 -1.045010 22
1115 -1.045010 2
1116 -1.045010 2
1117 -1.045010 1
1118 -1.045010 0
1119 -1.045010 0
1120 0.000000 0
1121 0.000000 0
1122 0.000000 0
1123 0.000000 0
1124 0.000000 0
1125 0.000000 0
1126 0.000000 0
1127 0.000000 0
1128 0.000000 0
1129 0.000000 0
1130 0.000000 0
1131 0.000000 0
1132 0.000000 0
1133 0.000000 0
1134 0.000000 0
1135 0.000000 0
1136 0.000000 0
1137 0.000000 4
1138 0.000000 0
1139 0.000000 1
1140 0.000000 0
1141 0.000000 5
1142 0.000000 7
1143 0.000000 1
1144 0.000000 0
1145 0.000000 4
1146 0.000000 0
1147 0.000000 11
1148 0.000000 0
1149 0.000000 8
1150 0.000000 0
1151 0.000000 0
1152 0.000000 0
1153 0.000000 0
1154 0.000000 0
1155 0.000000 0
1156 0.000000 0
1157 0.000000 0
1158 0.000000 0
1159 0.000000 0
1160 -2.255060 0
1161 -2.247072 121
1162 0.000000 0
1163 -2.255060 0
1164 -2.255060 0
1165 -2.255060 0
1166 0.000000 0
1167 -2.255060 0
1168 0.000000 3
1169 0.000000 12
1170 0.000000 0
1171 0.000000 4
1172 0.000000 2
1173 0.000000 13
1174 0.000000 14
1175 0.000000 11
1176 0.000000 2
1177 0.000000 1
1178 0.000000 0
1179 0.000000 1
1180 0.000000 3
1181 0.000000 7
1182 0.000000 0
1183 0.000000 9
1184 0.000000 0
1185 0.000000 13
1186 0.000000 0
1187 0.000000 4
1188 0.000000 16
1189 0.000000 26
1190 0.000000 13
1191 0.000000 16
1192 -3.951503 12
1193 -3.951503 7
1194 -3.951503 7
1195 -3.951503 6
1196 -3.951503 13
1197 -3.951503 18
1198 -3.951503 8
1199 -3.951503 33
1200 1.607764 0
1201 1.607764 0
1202 1.607764 1
1203 1.607764 0
1204 1.607764 6
1205 1.607764 9
1206 1.607764 13
1207 1.607764 3
1208 -1.711067 18
1209 -1.078206 184
1210 -0.556543 335
1211 -0.892152 664
1212 -1.037552 121
1213 -3.177092 639
1214 -4.144927 239
1215 1.607764 0
1216 1.399919 2
1217 -0.191793 1507
1218 0.683478 1157
1219 1.399919 10
1220 -0.705810 463
1221 -1.572095 518
1222 1.399919 221
1223 -0.969747 572
1224 -0.401034 758
1225 -1.201716 207
1226 -3.649376 236
1227 -1.652226 1023
1228 1.671436 0
1229 -0.983343 606
1230 -1.433136 1274
1231 1.671436 0
1232 -4.167675 1
1233 -5.288061 846
1234 -5.714721 902
1235 1.573603 0
1236 -7.133733 1251
1237 -6.412217 1167
1238 -6.827425 1123
1239 -4.167675 397
1240 -5.350884 988
1241 -7.178819 995
1242 -5.911636 617
1243 -6.590328 1497
1244 -5.385514 1462
1245 -5.371148 1668
1246 -6.469132 1859
1247 1.573603 0
1248 -12.205074 1383
1249 0.868460 0
1250 -8.521854 1158
1251 -10.298909 1054
1252 0.868460 0
1253 -10.545962 1206
1254 -10.672532 1049
1255 -9.333630 1575
1256 -8.630583 826
1257 -10.518553 567
1258 -9.060245 841
1259 -10.554048 616
1260 -9.047468 113
1261 -10.945382 0
1262 -12.570730 719
1263 -7.928812 69
1264 -14.245016 2285
1265 -13.552509 2616
1266 -11.331977 0
1267 0.618222 0
1268 -13.321782 2709
1269 -11.526428 2822
1270 -13.109661 1397
1271 -12.440165 544
1272 -12.537803 353
1273 -15.415843 553
1274 0.618222 0
1275 -11.688722 1091
1276 -10.260588 11
1277 -10.740588 230
1278 -17.990589 69
1279 -8.644600 428
1280 -14.585007 489
1281 -13.102130 437
1282 2.379746 0
1283 -13.087712 357
1284 -13.505830 248
1285 2.379746 0
1286 -11.921891 330
1287 -12.372492 203
1288 -11.568200 109
1289 -12.925736 34
1290 -9.799343 12
1291 -9.799343 19
1292 -9.799343 6
1293 -9.799343 2
1294 -9.799343 0
1295 -9.799343 0
1296 0.000000 0
1297 0.000000 0
1298 0.000000 0
1299 0.000000 0
1300 0.000000 0
1301 0.000000 0
1302 0.000000 0
1303 0.000000 0
1304 0.000000 0
1305 0.000000 0
1306 0.000000 0
1307 0.000000 0
1308 0.000000 0
1309 0.000000 0
1310 0.000000 0
1311 0.000000 0
1312 0.000000 0
1313 0.000000 0
1314 0.000000 0
1315 0.000000 0
1316 0.000000 0
1317 0.000000 0
1318 0.000000 0
1319 0.000000 0
1320 0.000000 0
1321 0.000000 0
1322 0.000000 0
1323 0.000000 0
1324 0.000000 0
1325 0.000000 0
1326 0.000000 0
1327 0.000000 0
1328 0.000000 0
1329 0.000000 0
1330 0.000000 0
1331 0.000000 0
1332 0.000000 0
1333 0.000000 0
1334 0.000000 0
1335 0.000000 0
1336 0.000000 0
1337 0.000000 0
1338 0.000000 0
1339 0.000000 0
1340 0.000000 0
1341 0.000000 0
1342 0.000000 0
1343 0.000000 0
1344 0.000000 0
1345 0.000000 0
1346 0.000000 0
1347 0.000000 0
1348 0.000000 0
1349 0.000000 0
1350 0.000000 0
1351 0.000000 0
1352 0.000000 0
1353 0.000000 0
1354 0.000000 0
1355 0.000000 0
1356 0.000000 0
1357 0.000000 0
1358 0.000000 0
1359 0.000000 0
1360 0.000000 0
1361 0.000000 0
1362 0.000000 0
1363 0.000000 0
1364 0.000000 0
1365 0.000000 0
1366 0.000000 0
1367 0.000000 0
1368 0.000000 0
1369 0.000000 0
1370 0.000000 0
1371 0.000000 0
1372 0.000000 0
1373 0.000000 0
1374 0.000000 0
1375 0.000000 0
1376 0.000000 0
1377 0.000000 0
1378 0.000000 0
1379 0.000000 0
1380 0.000000 0
1381 0.000000 0
1382 0.000000 0
1383 0.000000 0
1384 0.000000 0
1385 0.000000 0
1386 0.000000 1
1387 0.000000 1
1388 0.000000 0
1389 0.000000 0
1390 0.000000 0
1391 0.000000 0
1392 0.000000 0
1393 0.000000 0
1394 0.000000 0
1395 0.000000 0
1396 0.000000 1
1397 0.000000 1
1398 0.000000 0
1399 0.000000 0
1400 0.000000 4
1401 0.000000 1
1402 0.000000 5
1403 0.000000 0
1404 0.000000 4
1405 0.000000 0
1406 0.000000 6
1407 0.000000 4
1408 4.768278 11
1409 -3.137425 0
1410 4.768278 7
1411 4.768278 25
1412 3.431107 42
1413 4.729184 41
1414 5.646634 35
1415 4.768278 24
1416 3.822353 63
1417 3.822353 17
1418 3.822353 25
1419 3.822353 7
1420 -3.137425 0
1421 3.822353 21
1422 3.822353 29
1423 3.822353 0
1424 4.229161 10
1425 4.229161 31
1426 1.690866 35
1427 4.229161 5
1428 0.000000 0
1429 4.229161 18
1430 4.229161 12
1431 4.229161 6
1432 0.000000 0
1433 0.000000 0
1434 0.000000 0
1435 0.000000 2
1436 0.000000 1
1437 0.000000 0
1438 0.000000 0
1439 0.000000 0
1440 -0.520783 1
1441 -0.865887 57
1442 0.316902 57
1443 -2.010984 0
1444 -0.520783 29
1445 0.981701 48
1446 -2.802207 85
1447 0.548490 85
1448 1.210015 38
1449 -0.339209 32
1450 2.733423 68
1451 -3.038119 40
1452 -0.984992 0
1453 -0.984992 9
1454 -0.984992 6
1455 -2.010984 0
1456 0.000000 7
1457 0.000000 1
1458 0.000000 2
1459 0.000000 0
1460 0.000000 3
1461 0.000000 0
1462 0.000000 1
1463 0.000000 1
1464 -5.664014 1
1465 -5.664014 4
1466 -5.664014 4
1467 -5.664014 30
1468 0.000000 0
1469 -5.664014 23
1470 -3.453600 44
1471 0.000000 0
1472 8.704530 76
1473 -7.152607 72
1474 -4.085109 3
1475 -1.424839 45
1476 -4.977821 72
1477 -6.456001 152
1478 -5.353513 150
1479 -4.085109 98
1480 -5.313305 154
1481 -3.802946 140
1482 -5.557090 87
1483 -3.004322 69
1484 -4.122759 29
1485 -2.551222 47
1486 -1.652143 0
1487 -1.652143 0
1488 -1.429437 0
1489 -1.429437 0
1490 -1.429437 0
1491 -1.429437 0
1492 -1.429437 0
1493 -1.429437 0
1494 -1.429437 0
1495 0.377708 587
1496 1.437574 615
1497 0.079523 422
1498 2.205935 601
1499 0.862352 617
1500 -2.570897 0
1501 -0.739729 22
1502 -0.184467 180
1503 -2.570897 0
1504 -3.824850 190
1505 -9.556357 66
1506 -6.014767 216
1507 -7.656582 100
1508 -5.488517 128
1509 -6.282715 159
1510 -7.656582 0
1511 -6.955782 322
1512 -6.348313 385
1513 -5.699169 310
1514 -4.500970 194
1515 -7.078542 113
1516 -1.083868 0
1517 -8.074266 110
1518 -6.185795 83
1519 -1.083868 0
1520 -2.762156 0
1521 -10.227647 43
1522 -10.210824 75
1523 -2.762156 0
1524 -7.573347 108
1525 -11.961773 83
1526 -9.352362 266
1527 -9.448625 275
1528 -7.322846 320
1529 -9.533762 87
1530 -9.245499 4
1531 -9.897484 45
1532 -9.065652 91
1533 -8.115936 32
1534 -7.462518 131
1535 -8.882133 196
1536 -1.637648 0
1537 -5.868593 18
1538 -5.868593 19
1539 -7.265213 47
1540 -2.967474 50
1541 -5.608100 70
1542 -5.868593 23
1543 -5.868593 14
1544 -1.637648 0
1545 -1.637648 0
1546 -1.637648 0
1547 -1.637648 0
1548 -1.637648 0
1549 -1.637648 0
1550 -1.637648 0
1551 -1.637648 0
1552 0.468479 256
1553 -6.789292 281
1554 -7.340124 280
1555 -4.630350 93
1556 -8.017038 205
1557 -1.975420 0
1558 -7.581879 318
1559 -4.827775 24
1560 -5.697532 99
1561 -5.697532 23
1562 -5.697532 11
1563 -5.697532 20
1564 -5.697532 21
1565 -5.697532 5
1566 -3.604515 60
1567 -1.975420 0
1568 -1.908161 0
1569 3.185392 72
1570 4.114805 30
1571 6.488996 45
1572 3.561704 75
1573 1.908465 34
1574 1.608509 57
1575 4.400683 51
1576 4.602845 203
1577 4.502408 214
1578 4.431276 178
1579 3.731984 157
1580 5.082219 79
1581 4.192421 87
1582 2.537845 53
1583 -1.908161 0
1584 -0.973149 0
1585 0.631799 37
1586 -0.117619 51
1587 3.166120 14
1588 -0.594891 111
1589 1.100119 102
1590 2.865699 190
1591 0.537991 269
1592 1.322664 285
1593 2.083828 230
1594 1.966738 187
1595 2.615020 60
1596 2.946184 114
1597 -0.973149 0
1598 1.932785 78
1599 2.946184 5
1600 1.130114 83
1601 -1.491210 71
1602 -0.628022 222
1603 -1.074317 0
1604 -1.302581 43
1605 -1.005899 282
1606 0.145647 323
1607 -2.012801 109
1608 -1.371917 328
1609 -0.934107 374
1610 -1.076486 433
1611 -1.910374 169
1612 -0.728500 32
1613 -4.532009 78
1614 -1.822691 77
1615 -1.074317 0
1616 2.108234 255
1617 -1.157403 0
1618 -2.608851 82
1619 -1.589214 174
1620 -1.612354 111
1621 -1.646031 42
1622 0.195847 35
1623 0.786729 2
1624 -2.378855 299
1625 -3.174747 195
1626 -3.359822 316
1627 -2.540297 11
1628 -1.647625 47
1629 -1.157403 0
1630 -3.142254 67
1631 -4.115415 115
1632 3.798063 144
1633 0.057358 105
1634 -0.279836 111
1635 1.090376 69
1636 0.533107 87
1637 -0.670894 80
1638 -0.856904 56
1639 -1.368360 67
1640 0.445356 132
1641 -0.710741 183
1642 -0.871096 176
1643 -0.967394 143
1644 1.166225 33
1645 1.166225 20
1646 -0.592431 0
1647 -0.592431 0
1648 -1.077800 0
1649 1.057998 98
1650 1.948808 129
1651 2.966019 59
1652 1.018685 112
1653 2.720571 211
1654 -1.077800 0
1655 0.981092 142
1656 -1.077800 31
1657 -1.077800 19
1658 -1.077800 10
1659 -1.077800 4
1660 -1.077800 0
1661 -1.077800 1
1662 -1.077800 0
1663 -1.077800 0
1664 -5.838353 21
1665 -5.838353 9
1666 -5.069897 35
1667 -5.838353 0
1668 -5.838353 161
1669 -5.838353 4
1670 16.888678 218
1671 -5.838353 71
1672 7.116276 77
1673 7.816680 55
1674 7.045372 186
1675 8.845693 108
1676 -0.733990 0
1677 10.120866 250
1678 7.541395 205
1679 -0.733990 0
1680 7.172397 214
1681 4.967487 431
1682 5.365872 365
1683 4.409544 241
1684 5.707998 518
1685 3.436156 181
1686 3.563462 223
1687 4.094540 225
1688 4.677002 152
1689 2.176466 172
1690 4.179204 349
1691 5.012565 354
1692 -0.637350 0
1693 5.024906 248
1694 5.641584 183
1695 -0.637350 0
1696 0.000000 11
1697 0.000000 0
1698 0.000000 0
1699 0.000000 0
1700 0.000000 0
1701 0.000000 0
1702 0.000000 0
1703 0.000000 0
1704 0.000000 0
1705 0.000000 0
1706 0.000000 0
1707 0.000000 0
1708 0.000000 0
1709 0.000000 0
1710 0.000000 0
1711 0.000000 0
1712 4.640259 45
1713 2.267715 8
1714 2.267715 8
1715 -0.608576 0
1716 1.681533 71
1717 0.073461 60
1718 8.659289 41
1719 2.267715 35
1720 -0.302002 98
1721 1.155492 178
1722 1.033072 159
1723 0.281963 85
1724 3.334768 151
1725 -0.608576 0
1726 1.683357 91
1727 0.952254 144
1728 1.321651 325
1729 -4.238506 17
1730 -4.238506 30
1731 -4.238506 11
1732 -0.878364 0
1733 -4.238506 8
1734 -4.238506 11
1735 -4.238506 9
1736 -4.107949 25
1737 -4.107949 34
1738 -4.107949 23
1739 -4.107949 19
1740 -4.107949 15
1741 -4.107949 7
1742 -4.107949 25
1743 -0.878364 0
1744 0.032317 0
1745 -3.925441 1
1746 -3.925441 6
1747 -3.925441 7
1748 -1.146615 75
1749 -6.994920 65
1750 -5.064683 149
1751 -2.996638 152
1752 -3.260819 553
1753 -4.859874 181
1754 -2.854007 0
1755 -3.501650 502
1756 -0.222001 474
1757 0.032317 0
1758 -4.043634 97
1759 -1.887821 269
1760 -1.214985 1291
1761 0.475581 0
1762 -4.019560 1094
1763 -2.572870 425
1764 -2.228743 106
1765 -4.121387 148
1766 -3.642671 76
1767 -3.839830 110
1768 -1.983812 143
1769 -0.340715 241
1770 0.475581 0
1771 -1.330677 82
1772 -2.667041 94
1773 -1.565218 178
1774 0.521825 332
1775 0.100648 1630
1776 6.318542 3868
1777 1.634482 3066
1778 -0.217564 0
1779 4.041714 1804
1780 2.751524 808
1781 2.442700 1223
1782 1.690289 591
1783 3.966757 935
1784 3.835847 1943
1785 3.014363 1100
1786 -0.217564 0
1787 0.401706 635
1788 2.591361 337
1789 4.537607 163
1790 1.473695 402
1791 1.919515 817
1792 4.158000 96
1793 2.958942 237
1794 3.150618 27
1795 -0.920269 46
1796 1.563675 541
1797 1.208019 1333
1798 1.842024 1166
1799 3.150618 25
1800 1.044584 1215
1801 1.408703 1297
1802 0.062217 1392
1803 -0.846263 550
1804 0.699344 0
1805 -1.515510 392
1806 -2.719321 239
1807 0.699344 0
1808 -0.653157 44
1809 -1.160904 21
1810 -1.160904 114
1811 -1.160904 21
1812 -1.160904 164
1813 -1.160904 85
1814 -0.000571 1262
1815 -0.875557 1172
1816 -1.964259 1137
1817 -0.908830 2210
1818 0.152646 1947
1819 -0.837260 184
1820 1.526992 0
1821 -1.775022 354
1822 -1.903131 116
1823 1.526992 0
1824 -0.831421 96
1825 -5.034428 307
1826 -2.066440 756
1827 -2.137608 496
1828 -3.270182 87
1829 -1.734513 874
1830 -0.696759 2194
1831 -1.110915 2417
1832 -0.430220 2540
1833 -1.117545 2873
1834 -1.175707 2989
1835 -2.173315 2168
1836 0.146584 0
1837 -5.944112 1282
1838 -3.051515 713
1839 0.146584 0
1840 2.804050 298
1841 -0.443982 271
1842 -0.277648 170
1843 -0.897649 92
1844 0.345017 82
1845 0.563932 21
1846 0.563932 8
1847 0.563932 13
1848 -0.363125 123
1849 -2.010550 8
1850 -2.405413 94
1851 -2.010550 28
1852 -2.153779 156
1853 -1.616582 94
1854 1.159466 0
1855 1.159466 0
1856 2.032722 0
1857 -3.583713 711
1858 -1.569245 169
1859 -1.028149 339
1860 -2.139109 512
1861 -1.311274 12
1862 -1.311274 0
1863 -1.311274 0
1864 -1.901866 647
1865 -1.320382 686
1866 -2.065283 941
1867 -2.206002 966
1868 2.032722 0
1869 -1.958938 1208
1870 -1.224299 0
1871 -1.224299 0
1872 0.472232 430
1873 -2.871818 178
1874 -1.607617 502
1875 1.735548 25
1876 0.220710 1046
1877 3.200855 0
1878 -0.521738 1285
1879 -1.237630 1638
1880 -1.820273 63
1881 -0.648666 115
1882 0.105466 74
1883 -0.467091 355
1884 0.047112 29
1885 1.260879 37
1886 -0.121590 44
1887 3.200855 0
1888 3.233895 946
1889 1.510029 768
1890 4.068825 415
1891 1.762404 557
1892 4.723075 562
1893 4.732342 909
1894 1.395488 1052
1895 0.975968 907
1896 11.134138 763
1897 -0.693249 617
1898 0.217344 408
1899 -0.376887 530
1900 2.279678 53
1901 1.719000 432
1902 0.627087 0
1903 0.627087 0
1904 1.210331 326
1905 -1.281657 245
1906 -0.566840 136
1907 -1.386810 343
1908 -0.113078 308
1909 -0.410863 256
1910 2.354355 412
1911 -0.851164 262
1912 3.311899 415
1913 -1.140134 207
1914 0.941262 229
1915 4.670395 448
1916 -1.145949 0
1917 3.645080 77
1918 -2.086786 177
1919 -1.145949 0
1920 -3.736524 35
1921 -8.819788 293
1922 -3.327237 6
1923 -5.254619 66
1924 -5.579640 77
1925 -4.499321 264
1926 -5.984772 155
1927 -5.913609 82
1928 -7.033066 261
1929 -7.076074 295
1930 -6.832785 455
1931 -6.512165 646
1932 -7.049091 256
1933 -5.377646 915
1934 1.616587 0
1935 1.616587 0
1936 -8.056567 356
1937 -14.404210 89
1938 -12.994824 166
1939 -8.495222 40
1940 -10.884448 376
1941 -12.605776 536
1942 2.110531 0
1943 -11.485711 144
1944 -12.956735 313
1945 -13.594397 332
1946 -12.139757 515
1947 -15.788019 693
1948 -13.528283 565
1949 -11.363495 39
1950 -14.263134 556
1951 2.110531 0
1952 -5.476783 334
1953 -12.101955 36
1954 -10.651573 200
1955 -8.503565 235
1956 -12.030146 57
1957 -12.173869 83
1958 -13.313130 33
1959 -10.282405 40
1960 -11.233931 39
1961 -11.477883 40
1962 -13.287904 34
1963 -13.406102 4
1964 1.998744 0
1965 -13.406102 2
1966 -13.406102 14
1967 1.998744 0
1968 0.000000 8
1969 0.000000 3
1970 0.000000 3
1971 0.000000 0
1972 0.000000 0
1973 0.000000 0
1974 0.000000 0
1975 0.000000 1
1976 0.000000 0
1977 0.000000 0
1978 0.000000 0
1979 0.000000 0
1980 0.000000 0
1981 0.000000 0
1982 0.000000 0
1983 0.000000 0
1984 0.000000 0
1985 0.000000 0
1986 0.000000 0
1987 0.000000 0
1988 0.000000 0
1989 0.000000 0
1990 0.000000 0
1991 0.000000 0
1992 0.000000 0
1993 0.000000 0
1994 0.000000 0
1995 0.000000 0
1996 0.000000 0
1997 0.000000 0
1998 0.000000 0
1999 0.000000 0
2000 0.000000 0
2001 0.000000 0
2002 0.000000 0
2003 0.000000 0
2004 0.000000 0
2005 0.000000 0
2006 0.000000 0
2007 0.000000 0
2008 0.000000 0
2009 0.000000 0
2010 0.000000 0
2011 0.000000 0
2012 0.000000 0
2013 0.000000 0
2014 0.000000 0
2015 0.000000 0
2016 0.000000 0
2017 0.000000 0
2018 0.000000 0
2019 0.000000 0
2020 0.000000 0
2021 0.000000 0
2022 0.000000 0
2023 0.000000 0
2024 0.000000 0
2025 0.000000 0
2026 0.000000 0
2027 0.000000 0
2028 0.000000 0
2029 0.000000 0
2030 0.000000 0
2031 0.000000 0
2032 0.000000 0
2033 0.000000 0
2034 0.000000 0
2035 0.000000 0
2036 0.000000 0
2037 0.000000 0
2038 0.000000 0
2039 0.000000 0
2040 0.000000 0
2041 0.000000 0
2042 0.000000 0
2043 0.000000 0
2044 0.000000 0
2045 0.000000 0
2046 0.000000 0
2047 0.000000 0
2048 0.000000 0
2049 0.000000 0
2050 0.000000 0
2051 0.000000 0
2052 0.000000 0
2053 0.000000 0
2054 0.000000 0
2055 0.000000 0
2056 0.000000 0
2057 0.000000 1
2058 0.000000 0
2059 0.000000 0
2060 0.000000 0
2061 0.000000 0
2062 0.000000 0
2063 0.000000 0
2064 -3.923007 0
2065 -3.923007 2
2066 -3.923007 2
2067 -3.923007 0
2068 -3.923007 0
2069 -3.923007 21
2070 -3.923007 18
2071 -4.746554 20
2072 -3.738811 20
2073 -3.738811 18
2074 -4.551224 39
2075 -4.420664 55
2076 -3.013842 178
2077 -4.864541 312
2078 -5.858604 157
2079 -2.241090 220
2080 0.000000 0
2081 0.000000 0
2082 0.000000 0
2083 0.000000 0
2084 0.000000 0
2085 0.000000 0
2086 0.000000 0
2087 0.000000 0
2088 0.000000 0
2089 0.000000 0
2090 0.000000 0
2091 0.000000 0
2092 0.000000 0
2093 0.000000 0
2094 0.000000 0
2095 0.000000 2
2096 4.315350 2
2097 4.315350 9
2098 4.315350 9
2099 -1.419568 0
2100 1.249912 38
2101 4.315350 21
2102 4.315350 21
2103 4.315350 26
2104 -1.419568 0
2105 2.567360 96
2106 1.989020 93
2107 0.743753 35
2108 3.206174 18
2109 3.370934 37
2110 3.206174 10
2111 2.362197 36
2112 -3.504359 0
2113 4.580151 62
2114 7.010869 129
2115 7.595061 44
2116 9.293839 43
2117 9.649672 68
2118 11.898283 127
2119 9.265706 98
2120 11.168932 81
2121 11.312327 69
2122 -3.504359 0
2123 9.865451 0
2124 9.865451 0
2125 9.865451 0
2126 9.865451 0
2127 9.865451 0
2128 8.529651 0
2129 8.529651 0
2130 8.529651 0
2131 -0.969104 0
2132 8.007414 82
2133 7.030541 102
2134 8.010809 107
2135 6.441650 69
2136 -0.969104 0
2137 -0.969104 0
2138 -0.969104 0
2139 -0.969104 0
2140 -0.969104 0
2141 -0.969104 0
2142 -0.969104 0
2143 -0.969104 0
2144 -2.244774 0
2145 5.805340 65
2146 4.441914 239
2147 -2.244774 0
2148 4.409499 289
2149 5.012307 292
2150 6.322991 337
2151 5.665815 378
2152 5.813112 308
2153 5.997409 365
2154 5.637055 268
2155 7.774826 311
2156 9.575909 81
2157 7.086164 1
2158 7.834311 99
2159 7.086164 23
2160 -4.323137 0
2161 1.987607 138
2162 -1.805684 6
2163 -4.323137 0
2164 1.157788 129
2165 2.317083 191
2166 -1.805684 190
2167 0.473355 92
2168 1.153119 0
2169 1.153119 0
2170 1.153119 0
2171 1.153119 0
2172 1.153119 0
2173 2.520761 245
2174 -1.382970 46
2175 1.538674 251
2176 0.000000 0
2177 0.000000 0
2178 0.000000 0
2179 0.000000 0
2180 0.000000 0
2181 0.000000 0
2182 0.000000 0
2183 0.000000 0
2184 0.000000 0
2185 0.000000 0
2186 0.000000 0
2187 0.000000 0
2188 0.000000 0
2189 0.000000 0
2190 0.000000 0
2191 0.000000 0
2192 0.000000 0
2193 0.000000 0
2194 0.000000 0
2195 0.000000 0
2196 0.000000 0
2197 0.000000 0
2198 0.000000 0
2199 0.000000 0
2200 0.000000 0
2201 0.000000 0
2202 0.000000 0
2203 0.000000 0
2204 0.000000 0
2205 0.000000 0
2206 0.000000 0
2207 0.000000 0
2208 -3.150531 0
2209 5.619071 206
2210 7.127270 133
2211 2.132779 63
2212 8.535381 97
2213 5.267931 32
2214 5.138578 50
2215 5.266532 48
2216 6.713603 38
2217 5.694107 65
2218 3.792130 114
2219 5.928853 21
2220 5.818798 224
2221 -3.150531 0
2222 3.563701 610
2223 7.698193 240
2224 3.762466 72
2225 3.528714 31
2226 3.528714 34
2227 -3.691518 0
2228 3.528714 76
2229 1.803853 42
2230 3.635049 102
2231 3.827457 98
2232 1.468902 0
2233 1.698395 104
2234 2.757606 154
2235 2.783850 296
2236 1.051880 157
2237 0.398657 101
2238 1.894504 115
2239 -3.691518 0
2240 -5.498349 30
2241 -5.636491 349
2242 -3.815021 428
2243 -4.436474 0
2244 -6.227608 445
2245 -4.340383 687
2246 -4.273019 486
2247 -4.070629 240
2248 -4.658193 114
2249 -7.239384 122
2250 -7.654948 65
2251 -6.816330 154
2252 -5.689899 69
2253 -5.875743 24
2254 -4.436474 0
2255 -2.481670 76
2256 -5.382521 8
2257 -4.831469 189
2258 -2.279586 125
2259 -3.422890 0
2260 -5.300943 137
2261 -5.924986 359
2262 -7.154921 433
2263 -5.622045 293
2264 -5.531981 179
2265 -8.442374 85
2266 -7.069990 33
2267 -6.337361 36
2268 -7.069990 16
2269 -5.678393 46
2270 -7.069990 32
2271 -3.422890 0
2272 -10.597684 274
2273 -9.970515 513
2274 -6.034190 410
2275 -7.113173 0
2276 -7.834383 288
2277 -6.389375 482
2278 -6.804553 427
2279 -3.789409 0
2280 -5.612755 153
2281 -8.430439 220
2282 -5.696184 349
2283 -3.789409 0
2284 -3.789366 221
2285 -5.048440 119
2286 -6.061962 84
2287 -5.696184 0
2288 -10.232275 24
2289 -10.232275 34
2290 -10.232275 17
2291 -10.232275 21
2292 -10.232275 12
2293 -8.722686 258
2294 -9.866527 121
2295 -10.079145 127
2296 -12.911386 7
2297 -12.911386 9
2298 -9.929419 75
2299 -11.645396 106
2300 -3.482673 0
2301 -10.454269 73
2302 -13.646358 57
2303 -3.482673 0
2304 -4.282531 8
2305 -4.282531 64
2306 -4.806959 163
2307 -2.317245 0
2308 -5.665057 157
2309 -6.134776 154
2310 -6.724689 157
2311 -6.433693 108
2312 -5.641812 56
2313 -8.153630 57
2314 -5.805763 86
2315 -6.931020 106
2316 -2.317245 0
2317 -6.363999 70
2318 -10.365408 40
2319 -2.090466 70
2320 -0.990757 0
2321 -6.788947 2
2322 -6.788947 3
2323 -6.788947 3
2324 -6.788947 12
2325 -6.788947 24
2326 -6.788947 11
2327 -6.702665 50
2328 -4.864664 36
2329 -6.430492 43
2330 -5.095302 30
2331 -6.447453 37
2332 -5.095302 28
2333 -7.584016 72
2334 -0.990757 0
2335 -2.524528 66
2336 -0.404883 10
2337 -1.335807 225
2338 -2.170414 160
2339 -1.117878 0
2340 0.502855 331
2341 -0.977426 256
2342 -2.401404 422
2343 -0.858728 394
2344 -1.560106 198
2345 -1.617409 211
2346 0.019791 166
2347 0.510463 265
2348 -1.117878 0
2349 2.157797 445
2350 0.990493 470
2351 5.195947 474
2352 6.354278 2
2353 7.403492 256
2354 6.484104 255
2355 -0.945638 0
2356 6.747470 236
2357 6.887358 324
2358 7.661873 126
2359 6.070587 76
2360 7.221539 86
2361 7.144026 33
2362 6.047679 60
2363 8.207069 194
2364 10.603539 99
2365 5.989720 253
2366 5.300094 578
2367 -0.945638 0
2368 8.470859 453
2369 -2.138546 0
2370 -0.056595 222
2371 -3.473316 89
2372 -0.858466 566
2373 6.984395 363
2374 6.817327 327
2375 6.922065 160
2376 6.230967 105
2377 -2.172006 80
2378 -3.444383 8
2379 8.287499 80
2380 -1.525792 17
2381 -1.525792 0
2382 -1.525792 13
2383 -2.138546 0
2384 -0.638588 0
2385 2.169098 71
2386 0.503681 2
2387 1.711193 148
2388 2.229367 128
2389 0.083470 101
2390 -0.996222 83
2391 0.999687 95
2392 -1.183126 210
2393 -0.377348 206
2394 -0.554894 377
2395 -0.638588 0
2396 -0.377348 16
2397 -0.377348 34
2398 -0.377348 29
2399 6.275191 172
2400 8.335448 376
2401 7.752616 514
2402 4.912105 341
2403 5.823688 468
2404 5.186087 350
2405 -0.696503 0
2406 5.302761 795
2407 3.920188 934
2408 4.384784 1351
2409 -0.696503 0
2410 4.184699 2173
2411 5.127248 2528
2412 5.037177 2606
2413 4.839189 1476
2414 2.660570 341
2415 6.538058 640
2416 -1.924406 0
2417 1.860967 191
2418 1.769635 307
2419 2.330677 145
2420 0.510585 104
2421 2.276725 6
2422 -1.924406 0
2423 2.581886 126
2424 2.021557 93
2425 1.596547 144
2426 -0.250819 212
2427 1.675604 1252
2428 1.851191 427
2429 0.790193 92
2430 0.573212 27
2431 4.705635 68
2432 -0.747854 0
2433 0.115697 82
2434 -2.381230 135
2435 -0.747854 0
2436 0.243246 238
2437 -0.296981 262
2438 0.471983 703
2439 -0.608962 321
2440 -0.550487 229
2441 -0.719751 940
2442 -0.823249 1035
2443 -1.024355 72
2444 0.092755 393
2445 -0.838346 268
2446 0.174662 473
2447 2.969570 379
2448 -0.976822 0
2449 3.310778 76
2450 2.990205 70
2451 -0.976822 0
2452 4.960354 794
2453 6.086251 128
2454 4.893327 318
2455 4.420516 401
2456 5.704608 181
2457 3.624387 71
2458 3.611084 98
2459 5.470318 54
2460 2.394614 38
2461 4.254199 40
2462 3.197565 47
2463 3.673259 31
2464 0.000000 0
2465 0.000000 0
2466 0.000000 0
2467 0.000000 0
2468 0.000000 0
2469 0.000000 0
2470 0.000000 0
2471 0.000000 0
2472 0.000000 0
2473 0.000000 0
2474 0.000000 0
2475 0.000000 0
2476 0.000000 1
2477 0.000000 0
2478 0.000000 0
2479 0.000000 0
2480 0.000000 0
2481 0.000000 0
2482 0.000000 0
2483 0.000000 0
2484 0.000000 0
2485 0.000000 0
2486 0.000000 0
2487 0.000000 0
2488 0.000000 0
2489 0.000000 0
2490 0.000000 0
2491 0.000000 0
2492 0.000000 0
2493 0.000000 0
2494 0.000000 0
2495 0.000000 0
2496 0.000000 1
2497 0.000000 1
2498 0.000000 0
2499 0.000000 0
2500 0.000000 0
2501 0.000000 0
2502 0.000000 0
2503 0.000000 0
2504 0.000000 0
2505 0.000000 0
2506 0.000000 1
2507 0.000000 0
2508 0.000000 0
2509 0.000000 0
2510 0.000000 0
2511 0.000000 0
2512 0.000000 0
2513 0.000000 0
2514 0.000000 4
2515 0.000000 0
2516 0.000000 0
2517 0.000000 0
2518 0.000000 0
2519 0.000000 5
2520 0.000000 1
2521 0.000000 4
2522 0.000000 0
2523 0.000000 0
2524 0.000000 0
2525 0.000000 0
2526 0.000000 0
2527 0.000000 0
2528 0.000000 0
2529 0.000000 1
2530 0.000000 2
2531 0.000000 0
2532 0.000000 5
2533 0.000000 0
2534 0.000000 11
2535 0.000000 17
2536 0.000000 7
2537 0.000000 0
2538 0.000000 11
2539 0.000000 0
2540 0.000000 11
2541 0.000000 3
2542 0.000000 0
2543 0.000000 0
2544 0.000000 0
2545 0.000000 5
2546 0.000000 1
2547 0.000000 0
2548 0.000000 9
2549 0.000000 9
2550 0.000000 5
2551 0.000000 0
2552 0.000000 1
2553 0.000000 1
2554 0.000000 0
2555 0.000000 0
2556 0.000000 2
2557 0.000000 0
2558 0.000000 0
2559 0.000000 0
2560 1.302589 18
2561 1.698406 854
2562 2.072866 694
2563 1.445614 0
2564 1.302589 476
2565 0.982079 354
2566 -0.781284 904
2567 -1.234677 1285
2568 -1.823949 535
2569 -0.287004 405
2570 1.445614 0
2571 0.899768 555
2572 0.516726 527
2573 -0.620229 457
2574 -1.797749 668
2575 -0.132275 689
2576 1.802026 0
2577 -0.388596 0
2578 -1.029040 421
2579 -0.792207 940
2580 -0.937021 888
2581 -1.808602 943
2582 -3.096781 447
2583 -2.880213 594
2584 -2.962266 902
2585 -2.055183 1260
2586 -2.817251 1044
2587 -0.967068 1260
2588 0.137871 0
2589 -1.741741 1089
2590 -2.004176 1194
2591 1.802026 0
2592 1.118198 0
2593 -2.882281 1761
2594 -0.778990 2579
2595 -2.476976 54
2596 -1.111930 3059
2597 -0.948371 3577
2598 -1.061135 3101
2599 -0.316502 2292
2600 -1.828683 2014
2601 -1.293724 2671
2602 -2.058253 3118
2603 -1.760215 1951
2604 -1.985113 1327
2605 -4.513809 34
2606 -4.513809 0
2607 1.118198 0
2608 -1.577602 14
2609 -1.760272 1548
2610 -1.577602 20
2611 0.362963 0
2612 -2.388994 636
2613 -2.243676 717
2614 -2.152624 1117
2615 -1.812951 2503
2616 -2.685623 2240
2617 -3.833569 1070
2618 -3.908132 2600
2619 -3.144284 3077
2620 -2.523127 493
2621 0.362963 0
2622 -1.635988 524
2623 -4.295385 35
2624 2.185955 940
2625 0.973289 829
2626 1.070284 268
2627 2.674719 348
2628 1.609769 314
2629 1.351828 635
2630 5.324974 639
2631 2.153331 524
2632 -0.073271 408
2633 1.790158 0
2634 -0.054273 325
2635 1.883064 366
2636 1.790158 0
2637 0.913337 210
2638 2.235649 60
2639 2.648936 83
2640 0.000000 10
2641 0.000000 6
2642 0.000000 6
2643 0.000000 0
2644 0.000000 4
2645 0.000000 0
2646 0.000000 0
2647 0.000000 0
2648 0.000000 0
2649 0.000000 0
2650 0.000000 0
2651 0.000000 0
2652 0.000000 0
2653 0.000000 0
2654 0.000000 0
2655 0.000000 0
2656 0.000000 0
2657 0.000000 0
2658 0.000000 0
2659 0.000000 0
2660 0.000000 0
2661 0.000000 0
2662 0.000000 0
2663 0.000000 0
2664 0.000000 0
2665 0.000000 0
2666 0.000000 0
2667 0.000000 0
2668 0.000000 0
2669 0.000000 0
2670 0.000000 0
2671 0.000000 0
2672 0.000000 0
2673 0.000000 0
2674 0.000000 0
2675 0.000000 0
2676 0.000000 0
2677 0.000000 0
2678 0.000000 0
2679 0.000000 0
2680 0.000000 0
2681 0.000000 0
2682 0.000000 0
2683 0.000000 0
2684 0.000000 0
2685 0.000000 0
2686 0.000000 0
2687 0.000000 0

[ECalTiming]
p0 14.807420
p1 0.810203
delta 31.680784

[TimeWalk]
p1_L1 13.987991
p1_L2 15.764852
totref_L1 12.000000
totref_L2 12.000000
totmin 5.000000
totmax 25.000000
