# CDet master calibration constants
# run 5710
# calibration_stage 7
# events_processed 2951891

[PixelOffsets]
0 0.000000 0
1 0.000000 0
2 0.000000 0
3 0.000000 0
4 0.000000 0
5 0.000000 0
6 0.000000 0
7 0.000000 0
8 0.000000 0
9 0.000000 0
10 0.000000 0
11 0.000000 0
12 0.000000 0
13 0.000000 0
14 0.000000 0
15 0.000000 0
16 0.000000 0
17 0.000000 0
18 0.000000 0
19 0.000000 0
20 0.000000 0
21 0.000000 0
22 0.000000 0
23 0.000000 0
24 0.000000 0
25 0.000000 0
26 0.000000 0
27 0.000000 0
28 0.000000 0
29 0.000000 0
30 0.000000 0
31 0.000000 0
32 0.000000 0
33 0.000000 0
34 0.000000 0
35 0.000000 0
36 0.000000 0
37 0.000000 0
38 0.000000 0
39 0.000000 0
40 0.000000 0
41 0.000000 0
42 0.000000 0
43 0.000000 0
44 0.000000 0
45 0.000000 0
46 0.000000 0
47 0.000000 0
48 0.000000 2
49 0.000000 0
50 0.000000 0
51 0.000000 0
52 0.000000 0
53 0.000000 0
54 0.000000 0
55 0.000000 1
56 0.000000 1
57 0.000000 0
58 0.000000 4
59 0.000000 0
60 0.000000 0
61 0.000000 0
62 0.000000 3
63 0.000000 11
64 -1.556804 4
65 -1.556804 0
66 -1.556804 4
67 -1.556804 8
68 -1.556804 6
69 -1.556804 3
70 -1.556804 6
71 -1.556804 11
72 4.867425 38
73 5.036613 36
74 3.492900 47
75 -0.380807 39
76 5.036613 49
77 6.209554 41
78 4.220364 41
79 -1.556804 0
80 3.807426 12
81 3.807426 8
82 3.807426 33
83 -2.139319 0
84 3.807426 20
85 3.807426 3
86 8.790475 19
87 5.790480 67
88 -2.139319 5
89 -2.139319 1
90 -2.139319 0
91 -2.139319 2
92 -2.139319 0
93 -2.139319 0
94 -2.139319 0
95 -2.139319 0
96 4.605574 0
97 4.605574 0
98 4.605574 0
99 4.605574 0
100 3.656091 30
101 5.254881 82
102 4.605574 12
103 4.605574 36
104 13.375601 33
105 8.689716 104
106 7.714319 83
107 11.910627 42
108 10.009193 87
109 -0.397797 0
110 6.201547 82
111 -0.397797 0
112 0.000000 0
113 0.000000 0
114 0.000000 0
115 0.000000 0
116 0.000000 0
117 0.000000 0
118 0.000000 0
119 0.000000 0
120 0.000000 0
121 0.000000 0
122 0.000000 0
123 0.000000 0
124 0.000000 0
125 0.000000 0
126 0.000000 0
127 0.000000 0
128 3.258433 16
129 2.652193 57
130 5.221804 45
131 3.258433 17
132 2.945614 67
133 2.923015 54
134 4.756932 70
135 0.782919 75
136 3.790388 174
137 1.210941 135
138 2.632689 113
139 3.035141 175
140 -1.503336 0
141 2.014536 151
142 2.518335 14
143 -1.503336 0
144 1.707082 80
145 -2.215988 0
146 -1.766123 15
147 -1.766123 0
148 3.795891 66
149 -3.022518 36
150 -1.766123 23
151 -1.766123 21
152 1.453511 80
153 1.858335 221
154 2.374985 527
155 1.253228 523
156 -2.215988 0
157 -0.296891 61
158 1.247278 609
159 2.835183 553
160 3.531145 279
161 -2.270847 0
162 -3.854288 152
163 -0.610763 211
164 -1.612278 179
165 -3.750450 60
166 -2.352396 36
167 -2.922909 192
168 -1.289454 179
169 -0.372972 420
170 -2.100390 375
171 -1.303383 113
172 -1.396445 0
173 -2.057335 26
174 -0.614940 307
175 -1.396445 0
176 -2.914828 0
177 -4.353521 19
178 -5.826019 35
179 -3.955322 44
180 -2.391501 119
181 -4.353521 16
182 -3.919295 137
183 0.247808 395
184 1.227674 506
185 -4.466226 16
186 -3.729115 41
187 -4.466226 34
188 -2.914828 0
189 -3.459206 97
190 -4.466226 12
191 -4.466226 24
192 7.159450 309
193 3.142346 26
194 3.142346 14
195 -2.330162 0
196 3.702277 75
197 0.856911 51
198 2.752961 46
199 -2.330162 0
200 -2.330162 3
201 -2.330162 10
202 -2.330162 8
203 -2.330162 1
204 -2.330162 1
205 -2.330162 18
206 -2.330162 14
207 -2.330162 11
208 4.488013 84
209 2.841154 237
210 2.205350 330
211 0.186943 275
212 3.131148 135
213 -2.011669 0
214 -1.385044 294
215 -0.776670 302
216 -0.129614 66
217 -1.866598 110
218 0.563638 29
219 0.563638 30
220 -2.011669 0
221 0.563638 33
222 0.563638 21
223 0.563638 0
224 3.011159 68
225 0.291947 19
226 0.291947 39
227 2.854885 83
228 1.639070 59
229 -0.642128 58
230 1.479986 58
231 0.896704 67
232 -0.980028 111
233 0.495810 184
234 1.552960 226
235 0.891312 180
236 -2.671104 0
237 -1.352185 217
238 -1.179809 129
239 -2.671104 0
240 4.244656 107
241 4.244656 23
242 3.986711 145
243 4.244656 18
244 -0.936402 0
245 4.244656 16
246 2.608300 121
247 1.063409 169
248 2.093483 115
249 0.953646 420
250 2.042795 542
251 1.858849 35
252 -0.920092 164
253 1.661135 163
254 -3.225404 83
255 -0.936402 0
256 1.006505 14
257 2.710927 148
258 3.307704 188
259 2.115534 322
260 1.006505 15
261 0.213074 200
262 -0.660160 312
263 1.063856 242
264 -1.063477 131
265 1.156227 474
266 0.440410 486
267 1.888390 275
268 -1.221695 0
269 1.599074 103
270 -0.776339 59
271 -1.221695 0
272 3.490463 102
273 -0.359391 303
274 1.769800 78
275 0.386024 172
276 2.477823 109
277 1.141475 38
278 0.126404 54
279 0.525431 3
280 1.348121 354
281 0.554558 227
282 0.903304 299
283 0.554558 1
284 -1.567641 0
285 -0.580307 51
286 0.187868 127
287 -1.567641 0
288 2.676235 144
289 0.421528 120
290 1.766892 165
291 1.916413 90
292 0.730199 35
293 2.883199 108
294 2.676235 32
295 2.873567 54
296 -0.249213 136
297 0.933438 191
298 1.622620 225
299 0.871418 115
300 -0.200473 0
301 0.187656 100
302 2.303316 56
303 -0.200473 0
304 5.126675 63
305 1.636499 153
306 2.079344 111
307 -0.591699 0
308 2.297803 116
309 2.671935 200
310 2.620428 218
311 2.030312 130
312 -0.591699 31
313 -0.591699 11
314 -0.591699 8
315 -0.591699 0
316 -0.591699 0
317 -0.591699 0
318 -0.591699 0
319 -0.591699 0
320 2.254594 0
321 2.254594 9
322 2.254594 11
323 2.254594 10
324 2.254594 27
325 2.254594 40
326 3.142639 52
327 1.204089 96
328 2.534734 116
329 3.100564 102
330 3.383865 249
331 4.303553 74
332 -1.315075 0
333 3.606432 365
334 3.143207 271
335 -1.315075 0
336 2.879088 286
337 -0.723416 476
338 0.233696 405
339 -0.596980 0
340 0.613691 463
341 -3.172279 415
342 -0.996929 221
343 -0.595249 282
344 -1.641374 160
345 -1.413110 200
346 0.053091 340
347 0.645547 348
348 1.933778 326
349 -0.489218 226
350 1.960022 116
351 -0.596980 0
352 1.212991 35
353 -2.042347 30
354 -2.042347 0
355 -2.042347 2
356 -2.042347 9
357 -2.042347 7
358 -2.042347 6
359 -2.042347 3
360 -2.042347 4
361 -2.042347 4
362 -2.042347 1
363 -2.042347 3
364 -2.042347 0
365 -2.042347 5
366 -2.042347 5
367 -5.194614 51
368 -3.618469 22
369 -3.618469 4
370 -4.294613 108
371 -0.662213 0
372 -4.404864 69
373 -5.933189 37
374 -3.487614 56
375 -6.435119 70
376 -5.277236 203
377 -6.140154 138
378 -5.859967 105
379 -4.495757 189
380 -6.273641 161
381 -0.662213 0
382 -4.309120 135
383 -4.029269 517
384 0.000000 0
385 0.000000 0
386 0.000000 0
387 0.000000 0
388 0.000000 0
389 0.000000 0
390 0.000000 0
391 0.000000 0
392 0.000000 0
393 0.000000 0
394 0.000000 0
395 0.000000 0
396 0.000000 0
397 0.000000 0
398 0.000000 0
399 0.000000 0
400 5.066971 0
401 -0.099944 0
402 5.066971 0
403 5.066971 0
404 5.066971 0
405 7.165581 674
406 11.177046 562
407 8.916481 347
408 7.420542 341
409 -6.230722 523
410 -0.099944 0
411 -6.051374 732
412 -8.465889 101
413 -9.283112 1124
414 -9.588863 1165
415 -9.955667 1414
416 -7.694016 0
417 8.371526 462
418 -7.694016 0
419 -0.329597 0
420 -7.694016 0
421 -7.694016 20
422 -1.572218 112
423 -0.329597 0
424 -0.846797 32
425 -0.846797 0
426 -0.846797 1
427 -0.846797 0
428 -1.489464 121
429 -2.282607 2734
430 1.122396 5383
431 -0.828198 3229
432 4.016401 1652
433 1.275799 1549
434 0.220492 908
435 -0.333442 0
436 -0.333442 0
437 0.356004 706
438 1.232339 2663
439 1.112270 1986
440 0.236657 1576
441 -0.691261 117
442 0.390949 42
443 -0.583979 945
444 -0.962387 1180
445 -0.146424 54
446 -1.896717 170
447 -2.106992 528
448 -3.009254 95
449 -4.334256 710
450 -2.734513 65
451 0.719421 0
452 -3.348972 1874
453 -7.002914 968
454 -3.813927 876
455 -5.265202 601
456 -5.989424 1832
457 -4.706091 1736
458 -5.947889 880
459 -7.143301 517
460 -6.328084 192
461 0.719421 0
462 -6.071571 198
463 -6.071571 0
464 4.690611 0
465 0.967262 0
466 4.690611 0
467 6.643730 1334
468 12.578666 237
469 9.914194 1862
470 9.783991 1902
471 7.937716 1543
472 -2.813110 1982
473 -6.749183 1474
474 -6.100263 686
475 -5.391873 201
476 -7.238947 190
477 -7.390117 385
478 -7.104397 1074
479 0.967262 0
480 0.273100 0
481 -4.363337 755
482 -5.365559 350
483 0.273100 0
484 -5.365559 55
485 -4.196985 2881
486 -4.292297 2761
487 -4.880282 2589
488 -2.791293 3348
489 -4.237220 3164
490 -1.909744 2897
491 -1.883168 2152
492 -5.552034 268
493 -5.863476 233
494 -5.159045 596
495 -4.080432 24
496 -1.807444 95
497 -4.586323 52
498 10.811158 45
499 -1.576002 68
500 -2.995051 27
501 -2.995051 6
502 -2.995051 6
503 -2.995051 11
504 -4.794714 255
505 -5.481044 86
506 -6.790265 873
507 -5.448974 22
508 1.808249 0
509 -4.378911 48
510 -6.753726 477
511 1.808249 0
512 2.383928 0
513 -9.641838 406
514 -9.321658 114
515 2.383928 0
516 -11.296550 151
517 -13.510923 487
518 -11.852854 750
519 -11.543160 1067
520 -10.479238 1196
521 -10.818932 1266
522 -9.956914 454
523 -10.383558 285
524 -10.805684 401
525 -11.916749 514
526 -11.173899 915
527 -9.677070 29
528 4.442377 1455
529 -4.198530 1675
530 -3.467552 1709
531 -3.190863 123
532 -1.905698 329
533 -1.013344 502
534 -2.462345 518
535 0.827957 342
536 -1.137614 141
537 -3.866673 174
538 -2.041563 988
539 -0.208699 387
540 2.460214 0
541 1.407318 238
542 2.294552 191
543 2.460214 0
544 5.169543 268
545 2.917270 935
546 0.588057 0
547 -0.450708 1127
548 2.438990 501
549 -2.664978 363
550 -1.413830 594
551 0.217077 678
552 -0.276898 265
553 -0.704252 196
554 -0.961314 351
555 -0.232065 207
556 -0.426476 32
557 0.847602 306
558 0.253869 465
559 0.588057 0
560 -3.768260 29
561 -3.857105 558
562 -0.730088 451
563 -1.357254 0
564 0.175276 605
565 -5.025810 124
566 -4.389291 126
567 -2.985866 635
568 -6.610967 38
569 -2.347273 131
570 -4.902565 179
571 -4.406348 344
572 -2.178194 167
573 -1.357254 0
574 -4.064345 129
575 -1.419641 0
576 1.575139 0
577 -0.358521 403
578 0.932433 0
579 0.220792 88
580 -1.034346 206
581 -1.421049 423
582 0.694133 730
583 0.163243 581
584 -0.697972 700
585 -0.003923 732
586 -0.894951 619
587 0.366850 423
588 0.360952 111
589 1.575139 0
590 -0.759003 20
591 0.363512 906
592 -2.215620 424
593 -9.961652 138
594 -8.573984 415
595 -7.838648 22
596 2.032628 0
597 -7.806802 815
598 -5.930465 536
599 -5.061873 386
600 -5.247950 432
601 -4.998927 444
602 -4.732430 264
603 -4.835471 186
604 -4.310222 274
605 2.032628 0
606 -5.495545 117
607 -6.927686 124
608 -8.197835 38
609 0.775229 0
610 0.775229 0
611 -8.436529 20
612 -9.840628 52
613 -8.436529 12
614 -8.436529 7
615 -8.436529 5
616 0.775229 20
617 0.775229 28
618 0.775229 16
619 0.775229 4
620 0.775229 2
621 0.775229 0
622 0.775229 0
623 0.775229 0
624 0.000000 2
625 0.000000 0
626 0.000000 0
627 0.000000 0
628 0.000000 0
629 0.000000 0
630 0.000000 0
631 0.000000 0
632 0.000000 0
633 0.000000 0
634 0.000000 0
635 0.000000 0
636 0.000000 0
637 0.000000 0
638 0.000000 0
639 0.000000 0
640 0.000000 0
641 0.000000 0
642 0.000000 0
643 0.000000 0
644 0.000000 0
645 0.000000 0
646 0.000000 0
647 0.000000 0
648 0.000000 0
649 0.000000 0
650 0.000000 0
651 0.000000 0
652 0.000000 0
653 0.000000 0
654 0.000000 0
655 0.000000 0
656 0.000000 0
657 0.000000 0
658 0.000000 0
659 0.000000 0
660 0.000000 0
661 0.000000 0
662 0.000000 0
663 0.000000 0
664 0.000000 0
665 0.000000 0
666 0.000000 0
667 0.000000 0
668 0.000000 0
669 0.000000 0
670 0.000000 0
671 0.000000 0
672 0.000000 0
673 0.000000 0
674 0.000000 0
675 0.000000 0
676 0.000000 0
677 0.000000 0
678 0.000000 0
679 0.000000 0
680 0.000000 0
681 0.000000 0
682 0.000000 0
683 0.000000 0
684 0.000000 0
685 0.000000 0
686 0.000000 0
687 0.000000 0
688 0.000000 0
689 0.000000 0
690 0.000000 0
691 0.000000 0
692 0.000000 0
693 0.000000 0
694 0.000000 0
695 0.000000 0
696 0.000000 0
697 0.000000 0
698 0.000000 0
699 0.000000 0
700 0.000000 0
701 0.000000 0
702 0.000000 0
703 0.000000 0
704 0.000000 0
705 0.000000 0
706 0.000000 0
707 0.000000 0
708 0.000000 0
709 0.000000 0
710 0.000000 0
711 0.000000 0
712 0.000000 0
713 0.000000 1
714 0.000000 1
715 0.000000 0
716 0.000000 0
717 0.000000 0
718 0.000000 2
719 0.000000 0
720 -2.708426 0
721 -2.708426 0
722 -2.708426 0
723 -2.708426 0
724 -2.708426 0
725 -2.708426 0
726 -2.708426 0
727 10.855055 81
728 -2.708426 0
729 -2.708426 0
730 -2.708426 0
731 -2.708426 5
732 -2.708426 39
733 -2.708426 7
734 -2.708426 21
735 -2.708426 10
736 -2.665729 0
737 -2.214024 396
738 -4.244859 0
739 -1.400038 53
740 -2.411295 93
741 -0.869034 178
742 -2.665729 7
743 -2.665729 18
744 -4.244859 4
745 -4.244859 4
746 -4.244859 7
747 -4.244859 2
748 -4.244859 0
749 -4.244859 1
750 -4.244859 0
751 -4.244859 13
752 -2.014255 0
753 -2.014255 0
754 -2.014255 1
755 -2.014255 1
756 -2.014255 4
757 -2.014255 9
758 -2.014255 14
759 -2.014255 12
760 5.057812 51
761 5.362984 45
762 4.343031 78
763 3.589692 54
764 0.529696 54
765 3.147709 102
766 -2.014255 0
767 5.481469 34
768 2.451181 37
769 4.313420 0
770 4.313420 3
771 2.403061 21
772 4.313420 0
773 4.183000 130
774 4.133905 88
775 4.313420 6
776 3.773285 3
777 -2.987004 0
778 5.285201 140
779 7.228661 49
780 -2.987004 0
781 3.773285 31
782 3.773285 9
783 3.773285 21
784 0.134344 0
785 0.134344 3
786 0.134344 13
787 0.134344 10
788 0.134344 9
789 0.134344 2
790 0.134344 5
791 0.134344 0
792 9.007555 13
793 6.409771 60
794 9.007555 9
795 8.605620 63
796 9.007555 16
797 9.007555 19
798 9.007555 24
799 9.007555 7
800 -2.226843 0
801 -7.795358 12
802 -12.060703 1558
803 -7.795358 0
804 -2.341516 121
805 -2.663389 189
806 -2.394127 229
807 -1.988182 297
808 -2.610004 239
809 -3.966829 395
810 -2.643492 329
811 -3.095270 267
812 -2.226843 0
813 -3.514006 4
814 -1.352000 303
815 1.179033 38
816 7.498755 83
817 3.582046 0
818 -2.657938 0
819 5.828444 75
820 5.221448 89
821 8.288230 34
822 3.482046 249
823 3.582046 0
824 -2.657938 0
825 -2.657938 0
826 -2.657938 0
827 -2.657938 0
828 -2.657938 0
829 -2.657938 2
830 -2.657938 0
831 -2.657938 6
832 -2.159622 337
833 -3.693560 270
834 -4.610709 33
835 -4.955715 52
836 -4.610709 17
837 -4.367198 37
838 -3.685466 48
839 -4.610709 0
840 -4.526070 7
841 -4.526070 5
842 -4.526070 3
843 -4.526070 13
844 -4.526070 0
845 -4.526070 5
846 -4.526070 1
847 -4.526070 0
848 0.000000 9
849 0.000000 2
850 0.000000 0
851 0.000000 4
852 0.000000 3
853 0.000000 1
854 0.000000 4
855 0.000000 10
856 0.000000 8
857 0.000000 4
858 0.000000 11
859 0.000000 4
860 0.000000 0
861 0.000000 0
862 0.000000 4
863 5.287314 43
864 5.908168 84
865 3.340705 212
866 4.171106 70
867 -3.255734 0
868 -3.255734 0
869 2.492986 55
870 4.523185 104
871 2.492986 17
872 4.983403 6
873 1.244843 55
874 3.421670 53
875 4.983403 0
876 2.585122 55
877 4.983403 3
878 4.983403 9
879 8.083044 980
880 3.214226 0
881 5.614388 54
882 3.214226 31
883 6.477474 85
884 -4.059185 0
885 -4.059185 0
886 3.214226 30
887 4.731770 85
888 6.333864 152
889 4.171401 89
890 3.201857 50
891 3.820955 28
892 4.570746 109
893 3.831874 329
894 1.526901 129
895 9.192286 423
896 7.594987 61
897 8.168633 365
898 7.101881 232
899 5.214357 162
900 -4.620128 0
901 6.992706 633
902 7.818915 811
903 6.841112 907
904 -4.620128 0
905 8.975555 58
906 6.138204 52
907 7.489802 152
908 4.671030 79
909 4.423359 7
910 3.852046 100
911 4.423359 7
912 -3.339472 0
913 3.817955 0
914 3.817955 0
915 5.114451 410
916 1.890552 289
917 5.222851 852
918 5.473669 1358
919 3.669837 647
920 3.692099 1066
921 3.378701 0
922 3.378701 0
923 3.378701 0
924 3.378701 0
925 3.378701 0
926 3.378701 0
927 -3.339472 0
928 3.049426 0
929 0.765995 166
930 -0.331848 604
931 1.294677 127
932 4.068265 470
933 4.820798 907
934 1.496829 452
935 3.937982 699
936 2.493260 141
937 2.805240 633
938 0.657839 101
939 3.281477 28
940 -3.715164 0
941 2.341314 73
942 3.281477 5
943 -3.715164 0
944 2.861270 27
945 -3.036593 0
946 2.861270 1
947 -3.036593 0
948 2.651797 54
949 11.905777 81
950 2.861270 12
951 4.913720 351
952 2.514647 108
953 3.570743 87
954 2.244807 165
955 2.126623 1
956 2.126623 26
957 2.112640 154
958 -0.286633 170
959 2.126623 9
960 1.024905 287
961 1.886114 0
962 0.311172 218
963 1.983888 273
964 0.939184 144
965 5.309342 223
966 0.115368 192
967 -2.727242 0
968 -1.271194 53
969 -1.419176 47
970 1.718662 58
971 -2.727242 0
972 -0.208204 142
973 -0.036615 97
974 -1.421149 49
975 1.711860 103
976 -0.205932 8
977 -0.205932 2
978 -0.205932 1
979 -0.205932 2
980 -0.205932 28
981 -0.205932 2
982 -0.152563 102
983 -0.205932 0
984 -2.665799 0
985 -2.665799 0
986 -2.665799 0
987 -2.665799 0
988 -2.665799 0
989 -2.665799 34
990 -2.665799 3
991 -2.665799 0
992 4.983985 86
993 3.989713 430
994 3.870282 0
995 3.870282 3
996 1.531454 151
997 3.862418 615
998 0.886808 299
999 1.280037 105
1000 8.330322 259
1001 2.847187 198
1002 4.369829 154
1003 4.330819 570
1004 5.405176 419
1005 -0.896138 0
1006 2.958069 410
1007 -0.896138 0
1008 -1.407386 0
1009 1.946867 425
1010 -3.679587 53
1011 -0.700995 0
1012 0.503401 948
1013 -1.407386 33
1014 -2.959940 114
1015 -1.407386 0
1016 3.513109 0
1017 3.513109 0
1018 3.513109 0
1019 3.513109 0
1020 3.513109 0
1021 -1.218527 701
1022 2.912302 524
1023 -0.700995 0
1024 -4.989002 111
1025 1.673130 20
1026 -1.920607 624
1027 -1.293708 0
1028 -1.293708 0
1029 1.673130 0
1030 5.632131 248
1031 1.673130 0
1032 6.964863 130
1033 13.360950 81
1034 -4.593977 63
1035 -1.203510 50
1036 -0.390346 9
1037 -0.390346 6
1038 -0.390346 7
1039 -0.390346 23
1040 -5.397492 307
1041 -4.066729 295
1042 -14.050172 366
1043 0.051343 0
1044 -7.062580 97
1045 0.697950 56
1046 -8.648951 11
1047 18.936552 55
1048 13.217143 161
1049 -0.762377 295
1050 0.051343 0
1051 -1.231945 19
1052 -1.231945 0
1053 -1.231945 0
1054 -1.231945 0
1055 -3.198502 442
1056 -7.009542 551
1057 -6.441461 463
1058 -7.942408 59
1059 -7.110056 334
1060 -8.920016 376
1061 -0.105382 1318
1062 -6.761066 2606
1063 -6.883535 1977
1064 -5.674414 3805
1065 -8.679438 630
1066 -1.026636 0
1067 -6.790789 785
1068 -1.026636 0
1069 -8.152984 420
1070 -6.316294 1
1071 -1.667865 504
1072 -1.861400 0
1073 -0.515909 10
1074 -0.624964 118
1075 -1.861400 0
1076 -2.235299 39
1077 -0.515909 26
1078 -0.448931 42
1079 -0.515909 0
1080 -0.546354 275
1081 0.548752 2125
1082 -0.012694 65
1083 -2.211630 50
1084 -1.022347 19
1085 -1.863343 43
1086 -1.022347 8
1087 -1.792622 87
1088 -0.954693 0
1089 -5.073096 454
1090 -3.918126 695
1091 -5.547040 482
1092 -4.916782 491
1093 -5.568154 645
1094 -4.327177 1376
1095 -4.721234 677
1096 -4.540848 171
1097 -3.440532 680
1098 -2.618453 1013
1099 -4.889443 51
1100 -4.412217 288
1101 -4.802296 107
1102 -0.954693 0
1103 1.968305 1001
1104 1.761745 413
1105 0.242105 110
1106 -1.159027 0
1107 1.729278 855
1108 0.284313 164
1109 -0.613254 31
1110 -1.581687 42
1111 -0.613254 6
1112 -1.159027 10
1113 -1.159027 12
1114 -1.159027 27
1115 -1.159027 2
1116 -1.159027 2
1117 -1.159027 3
1118 -1.159027 1
1119 -1.159027 0
1120 0.000000 0
1121 0.000000 0
1122 0.000000 0
1123 0.000000 0
1124 0.000000 0
1125 0.000000 0
1126 0.000000 0
1127 0.000000 0
1128 0.000000 0
1129 0.000000 0
1130 0.000000 0
1131 0.000000 0
1132 0.000000 0
1133 0.000000 0
1134 0.000000 0
1135 0.000000 0
1136 0.000000 0
1137 0.000000 6
1138 0.000000 2
1139 0.000000 3
1140 0.000000 0
1141 0.000000 6
1142 0.000000 13
1143 0.000000 2
1144 0.000000 0
1145 0.000000 5
1146 0.000000 0
1147 0.000000 15
1148 0.000000 0
1149 0.000000 11
1150 0.000000 0
1151 0.000000 0
1152 0.000000 0
1153 0.000000 0
1154 0.000000 0
1155 0.000000 0
1156 0.000000 0
1157 0.000000 0
1158 0.000000 0
1159 0.000000 0
1160 11.632116 0
1161 11.622148 174
1162 0.000000 0
1163 11.632116 0
1164 11.632116 0
1165 11.632116 0
1166 0.000000 0
1167 11.632116 0
1168 0.000000 3
1169 0.000000 17
1170 0.000000 0
1171 0.000000 4
1172 0.000000 3
1173 0.000000 23
1174 0.000000 16
1175 0.000000 14
1176 0.000000 5
1177 0.000000 1
1178 0.000000 0
1179 0.000000 4
1180 0.000000 5
1181 0.000000 12
1182 0.000000 0
1183 0.000000 10
1184 0.000000 0
1185 -5.620752 16
1186 0.000000 0
1187 -5.620752 7
1188 -5.620752 19
1189 -5.620752 26
1190 -5.620752 15
1191 -5.620752 27
1192 -5.448577 19
1193 -5.448577 9
1194 -5.448577 13
1195 -5.448577 10
1196 -5.448577 15
1197 -5.448577 22
1198 -5.448577 18
1199 -2.191528 42
1200 1.836425 0
1201 1.836425 0
1202 1.836425 2
1203 1.836425 0
1204 1.836425 8
1205 1.836425 10
1206 1.836425 18
1207 1.836425 4
1208 -2.027546 19
1209 -0.847012 231
1210 -0.797573 406
1211 -0.433877 750
1212 -1.309222 139
1213 -3.084298 750
1214 -5.562887 282
1215 1.836425 0
1216 0.673114 2
1217 -0.050965 1683
1218 0.362592 1370
1219 0.673114 12
1220 -0.836583 541
1221 -1.488480 603
1222 0.673114 275
1223 -1.207178 683
1224 0.071952 886
1225 -1.704685 239
1226 -3.620391 286
1227 -1.451064 1130
1228 1.535423 0
1229 -1.379562 726
1230 -1.224365 1423
1231 1.535423 0
1232 -4.306865 1
1233 -5.726739 1128
1234 -5.360234 1042
1235 1.578555 0
1236 -6.641722 1385
1237 -6.493619 1267
1238 -6.516066 1253
1239 -6.378202 507
1240 -4.806523 1095
1241 -6.722456 1113
1242 -5.604811 716
1243 -6.230509 1596
1244 -5.234645 1600
1245 -5.078749 1814
1246 -6.243841 2043
1247 1.578555 0
1248 -12.472543 1760
1249 0.862896 0
1250 -9.092136 1617
1251 -10.778798 1407
1252 0.862896 0
1253 -10.587145 1491
1254 -10.973604 1300
1255 -9.075790 1704
1256 -9.076261 1051
1257 -10.741561 755
1258 -9.934113 1113
1259 -11.663759 915
1260 -12.646438 224
1261 -11.579216 1
1262 -13.759322 1322
1263 -9.529235 198
1264 -14.286713 2636
1265 -13.255756 2784
1266 -11.481321 1
1267 0.564607 0
1268 -13.001682 2918
1269 -11.098846 2935
1270 -12.652577 1531
1271 -12.133526 636
1272 -12.238926 441
1273 -14.724876 620
1274 0.564607 0
1275 -11.293292 1145
1276 -9.877078 16
1277 -12.241045 289
1278 -19.080325 39
1279 -8.734557 470
1280 -14.354736 526
1281 -12.771770 452
1282 2.291244 0
1283 -12.733399 378
1284 -13.333426 265
1285 2.291244 0
1286 -10.931604 351
1287 -11.895336 214
1288 -11.737873 123
1289 -13.561845 34
1290 -10.634390 16
1291 -10.634390 27
1292 -10.634390 6
1293 -10.634390 3
1294 -10.634390 0
1295 -10.634390 0
1296 0.000000 0
1297 0.000000 0
1298 0.000000 0
1299 0.000000 0
1300 0.000000 0
1301 0.000000 0
1302 0.000000 0
1303 0.000000 0
1304 0.000000 0
1305 0.000000 0
1306 0.000000 0
1307 0.000000 0
1308 0.000000 0
1309 0.000000 0
1310 0.000000 0
1311 0.000000 0
1312 0.000000 0
1313 0.000000 0
1314 0.000000 0
1315 0.000000 0
1316 0.000000 0
1317 0.000000 0
1318 0.000000 0
1319 0.000000 0
1320 0.000000 0
1321 0.000000 0
1322 0.000000 0
1323 0.000000 0
1324 0.000000 0
1325 0.000000 0
1326 0.000000 0
1327 0.000000 0
1328 0.000000 0
1329 0.000000 0
1330 0.000000 0
1331 0.000000 0
1332 0.000000 0
1333 0.000000 0
1334 0.000000 0
1335 0.000000 0
1336 0.000000 0
1337 0.000000 0
1338 0.000000 0
1339 0.000000 0
1340 0.000000 0
1341 0.000000 0
1342 0.000000 0
1343 0.000000 0
1344 0.000000 0
1345 0.000000 0
1346 0.000000 0
1347 0.000000 0
1348 0.000000 0
1349 0.000000 0
1350 0.000000 0
1351 0.000000 0
1352 0.000000 0
1353 0.000000 0
1354 0.000000 0
1355 0.000000 0
1356 0.000000 0
1357 0.000000 0
1358 0.000000 0
1359 0.000000 0
1360 0.000000 0
1361 0.000000 0
1362 0.000000 0
1363 0.000000 0
1364 0.000000 0
1365 0.000000 0
1366 0.000000 0
1367 0.000000 0
1368 0.000000 0
1369 0.000000 0
1370 0.000000 0
1371 0.000000 0
1372 0.000000 0
1373 0.000000 0
1374 0.000000 0
1375 0.000000 0
1376 0.000000 0
1377 0.000000 0
1378 0.000000 0
1379 0.000000 0
1380 0.000000 0
1381 0.000000 0
1382 0.000000 0
1383 0.000000 0
1384 0.000000 0
1385 0.000000 0
1386 0.000000 1
1387 0.000000 1
1388 0.000000 0
1389 0.000000 0
1390 0.000000 0
1391 0.000000 0
1392 0.000000 0
1393 0.000000 0
1394 0.000000 0
1395 0.000000 0
1396 0.000000 1
1397 0.000000 1
1398 0.000000 0
1399 0.000000 0
1400 0.000000 5
1401 0.000000 3
1402 0.000000 5
1403 0.000000 0
1404 0.000000 4
1405 0.000000 0
1406 0.000000 7
1407 0.000000 4
1408 5.863982 13
1409 -2.906582 0
1410 5.863982 7
1411 5.863982 30
1412 4.334810 42
1413 5.681299 49
1414 2.328198 44
1415 5.414896 20
1416 4.122514 66
1417 4.122514 23
1418 4.122514 30
1419 4.122514 9
1420 -2.906582 0
1421 4.122514 29
1422 4.122514 34
1423 4.122514 0
1424 2.214094 12
1425 2.214094 34
1426 2.512533 51
1427 2.214094 6
1428 -2.586568 0
1429 2.214094 19
1430 2.214094 15
1431 2.214094 11
1432 -2.586568 0
1433 -2.586568 0
1434 -2.586568 0
1435 -2.586568 3
1436 -2.586568 2
1437 -2.586568 0
1438 -2.586568 0
1439 -2.586568 0
1440 -0.782459 3
1441 -1.595823 77
1442 0.126789 86
1443 -1.530092 0
1444 0.970602 39
1445 1.587322 59
1446 -1.257791 101
1447 1.940123 103
1448 -0.100916 42
1449 0.922888 43
1450 1.720950 103
1451 -3.515920 44
1452 -1.803539 1
1453 -1.803539 13
1454 -1.803539 7
1455 -1.530092 0
1456 -1.318664 8
1457 -1.318664 3
1458 -1.318664 2
1459 -1.318664 0
1460 -1.318664 3
1461 -1.318664 0
1462 -1.318664 1
1463 -1.318664 2
1464 -6.608939 1
1465 -6.608939 8
1466 -6.608939 5
1467 -6.786013 37
1468 -1.318664 0
1469 -8.573634 5
1470 -4.474842 50
1471 -1.318664 0
1472 9.351002 83
1473 -7.107630 81
1474 -4.815893 6
1475 -4.815893 49
1476 -5.074638 83
1477 -5.903459 165
1478 -4.656889 165
1479 -1.054821 123
1480 -4.530140 169
1481 -3.649083 149
1482 -4.748097 97
1483 -4.748097 88
1484 -6.428198 36
1485 -2.653620 60
1486 -1.549530 0
1487 -1.549530 0
1488 -1.225366 0
1489 -1.225366 0
1490 -1.225366 0
1491 -1.225366 0
1492 -1.225366 0
1493 -1.225366 0
1494 -1.225366 0
1495 0.980853 619
1496 2.043389 665
1497 0.510589 494
1498 2.687587 682
1499 1.176371 698
1500 -2.510341 0
1501 -0.240660 31
1502 0.523126 221
1503 -2.510341 0
1504 -3.149457 255
1505 -10.209270 103
1506 -5.812552 276
1507 -5.366256 120
1508 -6.344301 156
1509 -7.768824 198
1510 -7.173381 0
1511 -6.841234 357
1512 -5.791654 428
1513 -5.274052 356
1514 -4.118538 221
1515 -6.659674 133
1516 -0.991564 0
1517 -6.846151 128
1518 -7.253463 99
1519 -0.991564 0
1520 -3.028711 0
1521 -10.699309 53
1522 -7.070646 94
1523 -3.028711 0
1524 -7.323290 125
1525 -10.392858 110
1526 -9.825043 309
1527 -9.042317 290
1528 -7.230103 348
1529 -9.505499 107
1530 -9.336866 4
1531 -10.133191 58
1532 -8.962788 106
1533 -9.482280 49
1534 -5.901683 155
1535 -8.541150 240
1536 -2.083075 0
1537 -7.220677 26
1538 -7.220677 22
1539 -6.887803 59
1540 -3.511963 74
1541 -5.571280 88
1542 -7.220677 30
1543 -7.220677 17
1544 -2.083075 0
1545 -2.083075 0
1546 -2.083075 0
1547 -2.083075 0
1548 -2.083075 0
1549 -2.083075 0
1550 -2.083075 0
1551 -2.083075 0
1552 0.158325 290
1553 -4.471386 330
1554 -7.350393 335
1555 -5.917624 117
1556 -8.693397 263
1557 -2.154522 0
1558 -7.382159 373
1559 -4.471386 30
1560 -7.875815 147
1561 -5.020868 26
1562 -5.020868 13
1563 -5.020868 22
1564 -5.020868 26
1565 -5.020868 6
1566 -4.504287 70
1567 -2.154522 0
1568 -2.406137 0
1569 2.686642 96
1570 3.099511 38
1571 6.015780 60
1572 3.685962 87
1573 2.541056 42
1574 2.310596 77
1575 2.631305 68
1576 5.362761 227
1577 4.707680 241
1578 4.346633 212
1579 3.425524 205
1580 7.581247 115
1581 2.887955 119
1582 1.846417 77
1583 -2.406137 0
1584 -0.926175 0
1585 -0.802098 53
1586 -0.055151 64
1587 2.867692 16
1588 2.867692 149
1589 1.608564 117
1590 2.867692 234
1591 0.756283 333
1592 1.117396 334
1593 3.201215 262
1594 2.452660 225
1595 -2.575600 86
1596 0.781220 153
1597 -0.926175 0
1598 4.524438 106
1599 2.870233 10
1600 1.978974 100
1601 -2.332712 87
1602 -1.622399 262
1603 -1.220238 0
1604 -3.519238 49
1605 -1.592759 334
1606 -0.049340 371
1607 -2.216244 133
1608 -1.117416 369
1609 -0.489839 443
1610 -1.236953 485
1611 -1.569215 196
1612 -2.653535 35
1613 -3.379488 102
1614 0.887719 94
1615 -1.220238 0
1616 0.864484 285
1617 -1.279489 0
1618 0.449366 100
1619 -1.439949 194
1620 -1.150253 121
1621 -1.786331 52
1622 -0.939149 40
1623 0.449366 8
1624 -2.209731 322
1625 -3.004176 221
1626 -2.017609 338
1627 -2.658320 12
1628 -2.065496 53
1629 -1.279489 0
1630 -3.453772 76
1631 -4.066953 138
1632 2.694547 184
1633 0.140625 131
1634 0.443514 136
1635 1.645525 81
1636 1.272123 98
1637 -0.416859 97
1638 -0.331313 68
1639 -1.010117 84
1640 0.441417 156
1641 -0.194535 206
1642 -0.804804 212
1643 -0.713389 175
1644 0.448813 38
1645 1.050668 26
1646 -0.530214 0
1647 -0.530214 0
1648 -0.935289 0
1649 -0.358468 126
1650 2.285839 156
1651 3.259984 73
1652 1.303170 127
1653 2.210874 233
1654 -0.935289 0
1655 2.049969 163
1656 2.448409 41
1657 -0.935289 24
1658 -0.935289 17
1659 -0.935289 13
1660 -0.935289 0
1661 -0.935289 1
1662 -0.935289 0
1663 -0.935289 0
1664 -3.058670 26
1665 -3.058670 24
1666 -6.331306 37
1667 -3.058670 0
1668 15.119419 208
1669 -3.058670 9
1670 -8.203368 111
1671 6.312089 112
1672 5.934735 103
1673 5.942479 76
1674 6.966685 233
1675 8.603160 149
1676 -1.190920 0
1677 9.041643 315
1678 6.111895 284
1679 -1.190920 0
1680 7.140847 275
1681 4.990938 536
1682 5.174147 443
1683 4.671647 282
1684 6.211875 602
1685 3.401292 216
1686 3.678892 247
1687 4.742616 276
1688 4.689238 185
1689 2.129720 207
1690 4.308636 404
1691 5.083037 387
1692 -0.652724 0
1693 4.834364 301
1694 6.008981 238
1695 -0.652724 0
1696 0.000000 16
1697 0.000000 0
1698 0.000000 0
1699 0.000000 0
1700 0.000000 0
1701 0.000000 0
1702 0.000000 0
1703 0.000000 0
1704 0.000000 0
1705 0.000000 0
1706 0.000000 0
1707 0.000000 0
1708 0.000000 0
1709 0.000000 0
1710 0.000000 0
1711 0.000000 0
1712 4.398393 60
1713 1.224856 14
1714 1.224856 9
1715 -0.508561 0
1716 3.311687 94
1717 0.653210 69
1718 2.115173 52
1719 2.907184 42
1720 1.703818 120
1721 1.619740 206
1722 1.683910 193
1723 1.638635 120
1724 4.084699 186
1725 -0.508561 0
1726 1.774832 116
1727 -0.202031 183
1728 0.488120 473
1729 -1.521476 28
1730 -1.521476 43
1731 -1.521476 17
1732 1.065519 0
1733 -1.521476 9
1734 -1.521476 19
1735 -1.521476 18
1736 -2.219278 38
1737 -1.312798 52
1738 -2.219278 33
1739 -2.219278 29
1740 -2.219278 24
1741 -2.219278 11
1742 -3.146307 36
1743 1.065519 0
1744 -0.213238 0
1745 -4.886348 3
1746 -4.886348 7
1747 -4.886348 10
1748 -2.736349 94
1749 -4.755948 87
1750 -5.385456 197
1751 -3.647792 279
1752 -3.929912 703
1753 -5.209183 227
1754 -3.133802 0
1755 -3.512207 614
1756 -1.076588 633
1757 -0.213238 0
1758 -4.701277 126
1759 -2.773984 400
1760 -0.651489 1518
1761 0.376663 0
1762 -3.406390 1324
1763 -1.833147 522
1764 -2.853977 131
1765 -4.571770 177
1766 -3.170289 112
1767 -3.852440 137
1768 -0.860258 171
1769 -0.336181 278
1770 0.376663 0
1771 -0.590570 113
1772 -2.669433 116
1773 -1.308929 227
1774 0.670985 439
1775 0.405033 1913
1776 6.445452 4309
1777 1.364344 3858
1778 -0.351550 0
1779 3.610839 2395
1780 2.433428 1084
1781 2.526543 1745
1782 1.593259 863
1783 3.740722 1321
1784 3.797078 2528
1785 2.647328 1567
1786 -0.351550 0
1787 -0.094355 880
1788 2.576585 476
1789 5.226027 238
1790 2.048723 659
1791 1.992236 1244
1792 3.385229 212
1793 0.785858 497
1794 0.959926 41
1795 0.638431 82
1796 1.034515 735
1797 1.360771 1520
1798 1.569854 1552
1799 2.379392 33
1800 1.129509 1421
1801 1.861729 1635
1802 0.366209 1755
1803 -1.023522 716
1804 0.534999 0
1805 -1.441090 531
1806 -3.049515 358
1807 0.534999 0
1808 0.289089 97
1809 -5.208034 42
1810 -1.754910 148
1811 -1.423933 30
1812 -1.423933 205
1813 -3.728987 128
1814 0.122718 1582
1815 -0.713657 1362
1816 -1.982244 1385
1817 -0.698434 2530
1818 0.246149 2157
1819 -0.916459 247
1820 1.418490 0
1821 -1.956427 449
1822 -2.151256 180
1823 1.418490 0
1824 -0.860029 137
1825 -5.477719 406
1826 -2.143535 1012
1827 -1.749490 860
1828 -2.687391 185
1829 -1.590441 1045
1830 -1.031023 2491
1831 -1.194260 2751
1832 -0.196453 2811
1833 -1.230764 3127
1834 -1.000442 3147
1835 -2.031241 2343
1836 0.517100 0
1837 -3.750719 1462
1838 -2.542300 848
1839 0.517100 0
1840 2.166095 423
1841 -0.856599 432
1842 -1.364136 270
1843 -0.812333 140
1844 -0.540701 121
1845 -0.398497 29
1846 -0.398497 14
1847 -0.398497 13
1848 -1.162460 172
1849 -2.181981 19
1850 -3.787635 139
1851 -2.355685 40
1852 -2.156963 215
1853 -2.965534 122
1854 0.959558 0
1855 0.959558 0
1856 2.168420 0
1857 -3.447794 829
1858 -1.658265 217
1859 -0.406219 413
1860 -1.095733 679
1861 -0.841833 23
1862 -0.841833 0
1863 -0.841833 0
1864 -1.436586 873
1865 -1.050815 942
1866 -2.198815 1193
1867 -2.206064 1182
1868 2.168420 0
1869 -1.967796 1438
1870 -0.931431 0
1871 -0.931431 0
1872 -0.230476 640
1873 -3.696893 289
1874 -2.309547 885
1875 -3.900304 39
1876 -0.225391 1303
1877 2.908266 0
1878 -1.022060 1685
1879 -1.091786 1919
1880 -2.203523 72
1881 -0.630050 144
1882 -0.457148 85
1883 -0.626129 409
1884 1.118592 37
1885 0.941210 45
1886 0.053747 55
1887 2.908266 0
1888 3.918008 1108
1889 2.646785 880
1890 4.681758 527
1891 5.766007 669
1892 2.297278 660
1893 5.087455 1018
1894 1.923221 1145
1895 0.338374 998
1896 12.156103 869
1897 -0.252140 670
1898 -0.507537 515
1899 0.013620 581
1900 1.896940 71
1901 1.645331 493
1902 0.728114 0
1903 0.728114 0
1904 1.737091 382
1905 -1.382471 289
1906 -1.812413 188
1907 -0.826893 394
1908 0.158572 375
1909 0.315981 301
1910 1.763367 510
1911 1.024193 342
1912 4.370350 486
1913 -1.239767 261
1914 -1.259729 280
1915 3.799405 542
1916 -1.477300 0
1917 -1.150529 108
1918 -0.757596 225
1919 -1.477300 0
1920 -4.342104 51
1921 -8.907335 375
1922 -4.165444 6
1923 -4.892011 78
1924 -7.532854 95
1925 -4.434181 297
1926 -5.259813 185
1927 -5.726785 111
1928 -6.848571 308
1929 -7.236664 350
1930 -6.474311 523
1931 -6.418559 715
1932 -7.099018 298
1933 -4.962205 976
1934 1.498237 0
1935 1.498237 0
1936 -8.282077 450
1937 -14.192975 111
1938 -12.945454 215
1939 -8.757973 55
1940 -10.834799 459
1941 -12.831175 648
1942 2.066546 0
1943 -11.262918 189
1944 -13.173648 374
1945 -14.852555 399
1946 -13.646258 595
1947 -14.682705 741
1948 -12.841731 620
1949 -11.936624 55
1950 -13.998838 609
1951 2.066546 0
1952 -5.741619 398
1953 -12.868370 49
1954 -10.618210 221
1955 -8.352108 258
1956 -11.948826 78
1957 -12.314859 95
1958 -12.452584 37
1959 -9.684603 48
1960 -10.538783 46
1961 -10.737055 49
1962 -11.981781 39
1963 -14.644912 4
1964 1.878975 0
1965 -14.644912 2
1966 -14.644912 16
1967 1.878975 0
1968 0.000000 9
1969 0.000000 3
1970 0.000000 3
1971 0.000000 0
1972 0.000000 0
1973 0.000000 0
1974 0.000000 0
1975 0.000000 1
1976 0.000000 0
1977 0.000000 0
1978 0.000000 0
1979 0.000000 0
1980 0.000000 0
1981 0.000000 0
1982 0.000000 0
1983 0.000000 0
1984 0.000000 0
1985 0.000000 0
1986 0.000000 0
1987 0.000000 0
1988 0.000000 0
1989 0.000000 0
1990 0.000000 0
1991 0.000000 0
1992 0.000000 0
1993 0.000000 0
1994 0.000000 0
1995 0.000000 0
1996 0.000000 0
1997 0.000000 0
1998 0.000000 0
1999 0.000000 0
2000 0.000000 0
2001 0.000000 0
2002 0.000000 0
2003 0.000000 0
2004 0.000000 0
2005 0.000000 0
2006 0.000000 0
2007 0.000000 0
2008 0.000000 0
2009 0.000000 0
2010 0.000000 0
2011 0.000000 0
2012 0.000000 0
2013 0.000000 0
2014 0.000000 0
2015 0.000000 0
2016 0.000000 0
2017 0.000000 0
2018 0.000000 0
2019 0.000000 0
2020 0.000000 0
2021 0.000000 0
2022 0.000000 0
2023 0.000000 0
2024 0.000000 0
2025 0.000000 0
2026 0.000000 0
2027 0.000000 0
2028 0.000000 0
2029 0.000000 0
2030 0.000000 0
2031 0.000000 0
2032 0.000000 0
2033 0.000000 0
2034 0.000000 0
2035 0.000000 0
2036 0.000000 0
2037 0.000000 0
2038 0.000000 0
2039 0.000000 0
2040 0.000000 0
2041 0.000000 0
2042 0.000000 0
2043 0.000000 0
2044 0.000000 0
2045 0.000000 0
2046 0.000000 0
2047 0.000000 0
2048 0.000000 0
2049 0.000000 0
2050 0.000000 0
2051 0.000000 0
2052 0.000000 0
2053 0.000000 0
2054 0.000000 0
2055 0.000000 0
2056 0.000000 0
2057 0.000000 1
2058 0.000000 0
2059 0.000000 1
2060 0.000000 0
2061 0.000000 0
2062 0.000000 0
2063 0.000000 0
2064 -4.126357 0
2065 -4.126357 2
2066 -4.126357 3
2067 -4.126357 0
2068 -4.126357 0
2069 -4.126357 24
2070 -4.126357 24
2071 -2.508893 35
2072 -4.280663 29
2073 -4.280663 30
2074 -8.115458 49
2075 -4.377169 67
2076 -2.389986 201
2077 -4.751565 360
2078 -4.640620 189
2079 -1.842759 255
2080 0.000000 0
2081 0.000000 0
2082 0.000000 0
2083 0.000000 0
2084 0.000000 0
2085 0.000000 0
2086 0.000000 0
2087 0.000000 0
2088 0.000000 0
2089 0.000000 0
2090 0.000000 0
2091 0.000000 0
2092 0.000000 0
2093 0.000000 0
2094 0.000000 0
2095 0.000000 3
2096 2.630479 5
2097 2.630479 10
2098 2.630479 11
2099 -1.408704 0
2100 2.630479 44
2101 2.630479 28
2102 2.630479 26
2103 2.630479 32
2104 -1.408704 0
2105 2.176594 127
2106 3.242731 98
2107 0.695042 46
2108 2.917353 22
2109 1.170630 47
2110 2.917353 11
2111 2.954052 42
2112 -3.077794 0
2113 5.891840 65
2114 7.370326 143
2115 8.741565 55
2116 7.652364 52
2117 10.331804 79
2118 12.524436 137
2119 8.863293 117
2120 11.722218 99
2121 11.115049 79
2122 -3.077794 0
2123 10.783738 0
2124 10.783738 0
2125 10.783738 0
2126 10.783738 0
2127 10.783738 0
2128 8.423277 0
2129 8.423277 0
2130 8.423277 0
2131 -1.197882 0
2132 8.423277 108
2133 7.729155 143
2134 7.987325 128
2135 7.227533 79
2136 -1.197882 0
2137 -1.197882 0
2138 -1.197882 0
2139 -1.197882 0
2140 -1.197882 0
2141 -1.197882 0
2142 -1.197882 0
2143 -1.197882 0
2144 -2.291382 0
2145 4.433700 85
2146 4.616967 265
2147 -2.291382 0
2148 7.069280 320
2149 5.465894 314
2150 4.313819 385
2151 6.197545 423
2152 5.665564 352
2153 6.020439 400
2154 6.352308 311
2155 7.826792 355
2156 8.581483 100
2157 6.742202 1
2158 8.711882 124
2159 6.742202 29
2160 -4.416553 0
2161 2.085541 172
2162 -2.422705 9
2163 -4.416553 0
2164 1.469762 187
2165 0.865111 295
2166 2.862699 288
2167 -3.392947 127
2168 0.710723 0
2169 0.710723 0
2170 0.710723 0
2171 0.710723 0
2172 0.710723 0
2173 2.631263 319
2174 -1.749010 50
2175 1.799372 301
2176 0.000000 0
2177 0.000000 0
2178 0.000000 0
2179 0.000000 0
2180 0.000000 0
2181 0.000000 0
2182 0.000000 0
2183 0.000000 0
2184 0.000000 0
2185 0.000000 0
2186 0.000000 0
2187 0.000000 0
2188 0.000000 0
2189 0.000000 0
2190 0.000000 0
2191 0.000000 0
2192 0.000000 0
2193 0.000000 0
2194 0.000000 0
2195 0.000000 0
2196 0.000000 0
2197 0.000000 0
2198 0.000000 0
2199 0.000000 0
2200 0.000000 0
2201 0.000000 0
2202 0.000000 0
2203 0.000000 0
2204 0.000000 0
2205 0.000000 0
2206 0.000000 0
2207 0.000000 0
2208 -3.561359 0
2209 6.070168 234
2210 6.944195 154
2211 5.977211 68
2212 8.484949 110
2213 6.796675 41
2214 5.482926 62
2215 4.774413 63
2216 4.180146 40
2217 5.742839 70
2218 4.098335 127
2219 4.180146 24
2220 5.342506 258
2221 -3.561359 0
2222 4.030967 659
2223 7.702501 298
2224 3.880800 86
2225 4.650543 47
2226 2.928523 42
2227 -3.713716 0
2228 3.880800 95
2229 2.750653 56
2230 2.588696 150
2231 2.167656 120
2232 1.085160 0
2233 1.766237 128
2234 2.635033 187
2235 2.675059 361
2236 1.344124 190
2237 0.483202 111
2238 1.416446 167
2239 -3.713716 0
2240 -5.507201 48
2241 -5.662413 413
2242 -4.155986 546
2243 -4.504348 0
2244 -6.119122 545
2245 -4.433758 788
2246 -4.289606 579
2247 -5.753602 325
2248 -4.298340 144
2249 -6.407340 174
2250 -8.735364 100
2251 -6.007487 235
2252 -6.159756 116
2253 -6.623629 30
2254 -4.504348 0
2255 -3.720069 105
2256 -5.942557 10
2257 -5.671356 293
2258 -4.607568 220
2259 -3.314047 0
2260 -6.805213 198
2261 -6.227672 487
2262 -7.500018 569
2263 -6.269792 440
2264 -6.035191 311
2265 -9.226008 152
2266 -7.781297 58
2267 -8.390197 58
2268 -7.828964 23
2269 -7.801249 74
2270 -12.704789 57
2271 -3.314047 0
2272 -10.640618 342
2273 -9.670516 617
2274 -5.648152 535
2275 -7.360527 0
2276 -8.498203 378
2277 -6.753479 623
2278 -7.256706 564
2279 -3.726478 0
2280 -5.942033 187
2281 -8.786591 277
2282 -6.250600 409
2283 -3.726478 0
2284 -3.607009 281
2285 -7.048041 163
2286 -5.749410 112
2287 -6.425668 0
2288 -15.759089 39
2289 -12.070241 49
2290 -10.152858 31
2291 -10.152858 30
2292 -10.152858 15
2293 -9.706182 331
2294 -10.427399 157
2295 -9.532712 178
2296 -13.732037 12
2297 -13.732037 15
2298 -10.018057 105
2299 -11.173616 161
2300 -3.028094 0
2301 -10.649227 109
2302 -15.188454 92
2303 -3.028094 0
2304 -5.360684 13
2305 -6.814414 113
2306 -4.697379 240
2307 -2.588119 0
2308 -5.900099 218
2309 -5.866286 202
2310 -5.703099 205
2311 -6.861751 173
2312 -5.609142 76
2313 -8.489051 72
2314 -5.413198 121
2315 -6.979283 142
2316 -2.588119 0
2317 -7.423227 98
2318 -11.635855 57
2319 -4.975006 108
2320 -0.445007 0
2321 -7.424438 5
2322 -7.424438 4
2323 -7.424438 3
2324 -7.424438 15
2325 -7.424438 28
2326 -7.424438 15
2327 -6.342682 69
2328 -3.699260 49
2329 -6.997153 57
2330 -10.207188 43
2331 -5.906173 47
2332 -6.475191 34
2333 -6.593791 89
2334 -0.445007 0
2335 -5.518714 82
2336 0.207163 12
2337 -0.858422 265
2338 -2.009284 205
2339 -0.989640 0
2340 -0.421730 350
2341 0.306713 309
2342 -2.222851 465
2343 -1.513806 438
2344 0.609598 244
2345 -1.585024 252
2346 0.863822 199
2347 0.884094 301
2348 -0.989640 0
2349 2.478346 492
2350 1.064890 542
2351 5.365389 587
2352 6.532422 4
2353 7.394192 330
2354 6.762053 335
2355 -0.562690 0
2356 6.318164 303
2357 7.021420 387
2358 6.731766 176
2359 6.532422 98
2360 5.221443 117
2361 2.357369 46
2362 5.202893 82
2363 8.435735 248
2364 6.881942 118
2365 6.565891 332
2366 6.073196 686
2367 -0.562690 0
2368 9.662463 501
2369 -1.561814 0
2370 1.396971 304
2371 8.649417 125
2372 -0.188953 634
2373 -1.945714 444
2374 7.750830 451
2375 8.105308 228
2376 7.920667 181
2377 -1.281196 124
2378 -2.991480 12
2379 9.143719 118
2380 -2.991480 21
2381 -2.991480 1
2382 -2.991480 24
2383 -1.561814 0
2384 -0.469871 0
2385 3.948443 108
2386 1.086210 2
2387 2.910163 268
2388 -0.206567 204
2389 2.616351 149
2390 2.618344 112
2391 1.329763 124
2392 -1.075329 252
2393 -2.695755 246
2394 -0.057224 428
2395 -0.469871 0
2396 -0.240902 20
2397 -0.016455 42
2398 3.448517 36
2399 6.421888 228
2400 6.455110 451
2401 8.277526 662
2402 5.189684 468
2403 6.329859 584
2404 5.874563 431
2405 -0.674969 0
2406 5.719008 953
2407 4.481366 1151
2408 4.986331 1692
2409 -0.674969 0
2410 4.543134 2523
2411 5.552269 2922
2412 5.546575 2967
2413 5.375958 1884
2414 2.954707 446
2415 7.143934 842
2416 -1.998688 0
2417 2.034076 271
2418 1.570857 481
2419 2.625150 221
2420 0.897742 146
2421 1.429882 7
2422 -1.998688 0
2423 1.512979 167
2424 1.253747 131
2425 1.885476 203
2426 -0.843442 331
2427 1.951919 1618
2428 1.968659 578
2429 1.433012 139
2430 1.105346 36
2431 0.427688 115
2432 -0.815626 0
2433 0.195762 124
2434 -1.331934 193
2435 -0.815626 0
2436 -0.189155 382
2437 -1.096191 373
2438 0.588268 902
2439 -1.164543 427
2440 -1.291907 332
2441 -0.314455 1138
2442 -0.453268 1252
2443 -1.770968 94
2444 -0.530813 538
2445 -1.626885 375
2446 -1.162039 772
2447 2.732603 510
2448 -0.895517 0
2449 4.104339 90
2450 3.088048 83
2451 -0.895517 0
2452 4.861083 1077
2453 3.719147 186
2454 6.143906 519
2455 3.668569 613
2456 4.700530 269
2457 3.234993 97
2458 4.921486 132
2459 7.913873 80
2460 1.172395 63
2461 2.752706 53
2462 4.161045 63
2463 3.174149 44
2464 0.000000 0
2465 0.000000 0
2466 0.000000 0
2467 0.000000 0
2468 0.000000 0
2469 0.000000 0
2470 0.000000 0
2471 0.000000 0
2472 0.000000 0
2473 0.000000 0
2474 0.000000 0
2475 0.000000 0
2476 0.000000 1
2477 0.000000 0
2478 0.000000 0
2479 0.000000 0
2480 0.000000 0
2481 0.000000 0
2482 0.000000 0
2483 0.000000 0
2484 0.000000 0
2485 0.000000 0
2486 0.000000 0
2487 0.000000 0
2488 0.000000 0
2489 0.000000 0
2490 0.000000 0
2491 0.000000 0
2492 0.000000 0
2493 0.000000 0
2494 0.000000 0
2495 0.000000 0
2496 0.000000 1
2497 0.000000 1
2498 0.000000 0
2499 0.000000 0
2500 0.000000 0
2501 0.000000 0
2502 0.000000 0
2503 0.000000 0
2504 0.000000 0
2505 0.000000 0
2506 0.000000 1
2507 0.000000 0
2508 0.000000 0
2509 0.000000 0
2510 0.000000 0
2511 0.000000 0
2512 0.000000 0
2513 0.000000 0
2514 0.000000 8
2515 0.000000 0
2516 0.000000 0
2517 0.000000 0
2518 0.000000 0
2519 0.000000 6
2520 0.000000 2
2521 0.000000 7
2522 0.000000 0
2523 0.000000 0
2524 0.000000 0
2525 0.000000 0
2526 0.000000 0
2527 0.000000 0
2528 0.000000 0
2529 0.000000 2
2530 0.000000 2
2531 0.000000 0
2532 0.000000 6
2533 0.000000 0
2534 0.000000 11
2535 0.000000 22
2536 0.000000 9
2537 0.000000 0
2538 0.000000 12
2539 0.000000 0
2540 0.000000 17
2541 0.000000 4
2542 0.000000 0
2543 0.000000 0
2544 0.000000 0
2545 0.000000 5
2546 0.000000 1
2547 0.000000 0
2548 0.000000 15
2549 0.000000 14
2550 0.000000 10
2551 0.000000 0
2552 0.000000 2
2553 0.000000 2
2554 0.000000 0
2555 0.000000 0
2556 0.000000 2
2557 0.000000 0
2558 0.000000 0
2559 0.000000 0
2560 1.751272 27
2561 0.984446 960
2562 1.336749 805
2563 1.616699 0
2564 2.206974 573
2565 -0.984273 418
2566 -0.091219 1008
2567 -0.761111 1418
2568 -1.621484 640
2569 0.709512 470
2570 1.616699 0
2571 1.436488 672
2572 1.058674 643
2573 0.008606 570
2574 -0.074677 797
2575 0.631020 814
2576 1.775106 0
2577 -0.137462 0
2578 -0.675762 517
2579 -0.335385 1061
2580 -0.622268 1053
2581 -1.395917 1053
2582 -2.973064 547
2583 -2.631979 747
2584 -2.611215 1049
2585 -1.855530 1369
2586 -2.587006 1143
2587 -0.513792 1377
2588 0.111954 0
2589 -1.363399 1228
2590 -1.713589 1322
2591 1.775106 0
2592 1.104856 0
2593 -2.420229 1877
2594 -0.372978 3066
2595 -1.561325 126
2596 -0.747708 3454
2597 -0.573623 4642
2598 -0.495571 4192
2599 -0.103519 3122
2600 -1.387227 2528
2601 -1.036599 3434
2602 -1.480973 4166
2603 -1.183948 2208
2604 -1.491473 1508
2605 -4.342288 41
2606 -4.342288 0
2607 1.104856 0
2608 -1.407879 25
2609 -1.420141 2031
2610 -1.407879 27
2611 0.529386 0
2612 -1.943588 1014
2613 -1.562607 1137
2614 -1.592742 1408
2615 -1.157365 2808
2616 -2.164151 2461
2617 -3.418077 1193
2618 -3.306000 2725
2619 -2.487571 3222
2620 -2.654140 580
2621 0.529386 0
2622 -5.531812 644
2623 -5.780783 78
2624 2.794834 1063
2625 1.669700 913
2626 1.625188 308
2627 3.098181 435
2628 2.273155 361
2629 1.883108 728
2630 1.756404 719
2631 5.234951 568
2632 1.129783 443
2633 2.027176 0
2634 0.536536 365
2635 2.205174 404
2636 2.027176 0
2637 1.534058 239
2638 -1.655632 88
2639 3.638910 91
2640 0.000000 13
2641 0.000000 9
2642 0.000000 10
2643 0.000000 0
2644 0.000000 6
2645 0.000000 0
2646 0.000000 0
2647 0.000000 0
2648 0.000000 0
2649 0.000000 0
2650 0.000000 0
2651 0.000000 0
2652 0.000000 0
2653 0.000000 0
2654 0.000000 0
2655 0.000000 0
2656 0.000000 0
2657 0.000000 0
2658 0.000000 0
2659 0.000000 0
2660 0.000000 0
2661 0.000000 0
2662 0.000000 0
2663 0.000000 0
2664 0.000000 0
2665 0.000000 0
2666 0.000000 0
2667 0.000000 0
2668 0.000000 0
2669 0.000000 0
2670 0.000000 0
2671 0.000000 0
2672 0.000000 0
2673 0.000000 0
2674 0.000000 0
2675 0.000000 0
2676 0.000000 0
2677 0.000000 0
2678 0.000000 0
2679 0.000000 0
2680 0.000000 0
2681 0.000000 0
2682 0.000000 0
2683 0.000000 0
2684 0.000000 0
2685 0.000000 0
2686 0.000000 0
2687 0.000000 0

[ECalTiming]
p0 15.094648
p1 0.809758
delta 31.715304

[TimeWalk]
p1_L1 12.743030
p1_L2 14.874066
totref_L1 12.000000
totref_L2 12.000000
totmin 5.000000
totmax 30.000000
