# CDet timing versus ECal time by half-bar (PMT group)
# Four overview canvases: two seven-half-bar banks for each layer
# layer half_module bank half_bar_in_half_module global_half_bar entries fit_status p0_ns p0_err_ns p1_ns_per_ns p1_err chi2 ndf chi2_ndf probability
1 0 0 0 0 0 -1 nan nan nan nan nan 0 nan nan
1 0 0 1 1 0 -1 nan nan nan nan nan 0 nan nan
1 0 0 2 2 0 -1 nan nan nan nan nan 0 nan nan
1 0 0 3 3 15 0 54.75 11.5022 -1.2 0.484252 7.78888e-25 0 nan nan
1 0 0 4 4 298 0 32.9697 1.87255 -0.0438365 0.0749291 16.4213 2 8.21066 0.000271742
1 0 0 5 5 172 0 34.5213 1.53478 -0.0293283 0.0660117 23.1485 3 7.71615 3.76055e-05
1 0 0 6 6 593 0 31.7509 1.26116 -0.0527008 0.054958 1.75264 2 0.876318 0.416313
1 1 0 0 14 1382 0 31.258 0.729334 0.0333412 0.0297638 1.76104 3 0.587012 0.62345
1 1 0 1 15 1896 0 29.611 0.550615 0.0510152 0.0235097 1.52288 3 0.507628 0.676999
1 1 0 2 16 2763 0 26.7962 0.369378 0.178716 0.0159277 0.895236 3 0.298412 0.826577
1 1 0 3 17 1781 0 28.4359 0.505378 0.117802 0.0215922 5.62457 3 1.87486 0.131375
1 1 0 4 18 1507 0 30.586 0.498872 6.20054e-05 0.0217244 25.1961 4 6.29902 4.59425e-05
1 1 0 5 19 919 0 31.1111 0.703487 -0.0443692 0.0305092 2.08398 3 0.694659 0.555161
1 1 0 6 20 1279 0 30.4194 0.460618 0.0161814 0.0205006 4.07074 3 1.35691 0.253926
1 2 0 0 28 10308 0 28.8871 0.179402 0.00360391 0.00832852 10.0471 4 2.51178 0.0396414
1 2 0 1 29 11496 0 31.8186 0.201648 -0.163572 0.00964572 75.7825 3 25.2608 2.4626e-16
1 2 0 2 30 21316 0 28.4965 0.101615 0.0220877 0.00482036 38.229 4 9.55724 1.00506e-07
1 2 0 3 31 2035 0 25.6124 0.390918 0.114433 0.019067 22.498 3 7.49932 5.13804e-05
1 2 0 4 32 7811 0 27.6934 0.213841 -0.0213265 0.01094 40.0293 3 13.3431 1.05038e-08
1 2 0 5 33 8552 0 25.02 0.215522 0.114791 0.0109186 5.38218 3 1.79406 0.145858
1 2 0 6 34 6666 0 30.9005 0.265778 -0.0868015 0.0120152 40.5963 4 10.1491 3.25819e-08
1 3 0 0 42 0 -1 nan nan nan nan nan 0 nan nan
1 3 0 1 43 0 -1 nan nan nan nan nan 0 nan nan
1 3 0 2 44 4 0 19.354 2.51323e+08 0.514142 8.97581e+06 4.48774e-29 0 nan nan
1 3 0 3 45 129 0 27.7195 1.37559 0.15601 0.0526834 6.99089 2 3.49545 0.0303352
1 3 0 4 46 750 0 28.1624 0.867917 0.230628 0.0336795 8.23718 3 2.74573 0.041356
1 3 0 5 47 423 0 39.2061 1.84998 -0.297901 0.0739318 4.94609 2 2.47305 0.0843275
1 3 0 6 48 578 0 35.9546 1.41377 -0.158797 0.0558724 0.876939 2 0.438469 0.645023
1 4 0 0 56 3101 0 27.27 0.413142 0.246573 0.0155904 16.2761 4 4.06902 0.00267023
1 4 0 1 57 3035 0 29.4423 0.469388 0.133206 0.0181719 89.552 4 22.388 1.63937e-18
1 4 0 2 58 3799 0 32.3881 0.3691 0.0311355 0.0141843 44.0435 3 14.6812 1.47741e-09
1 4 0 3 59 1153 0 29.4425 0.861027 0.125547 0.0345333 3.77609 2 1.88805 0.151367
1 4 0 4 60 1663 0 29.9341 0.623716 0.0867303 0.0249503 10.2793 3 3.42644 0.016335
1 4 0 5 61 179 0 29.2047 2.36387 0.12863 0.0975386 4.0196 1 4.0196 0.0449743
1 4 0 6 62 3884 0 29.3292 0.403884 0.0446855 0.0173592 1.57906 3 0.526353 0.664148
1 5 0 0 70 0 -1 nan nan nan nan nan 0 nan nan
1 5 0 1 71 6 0 86.6425 6.05329e+07 -2.59969 2.5222e+06 7.57306e-29 0 nan nan
1 5 0 2 72 3 -1 nan nan nan nan nan 0 nan nan
1 5 0 3 73 20 0 44.1786 5.48076 -0.580357 0.25472 5.63677e-26 0 nan nan
1 5 0 4 74 80 0 29.8431 2.61694 -0.0892347 0.129829 1.74043 1 1.74043 0.187084
1 5 0 5 75 2285 0 27.191 0.415862 0.0375577 0.0201768 34.6824 3 11.5608 1.4218e-07
1 5 0 6 76 9439 0 26.0679 0.228894 0.0995884 0.0110303 137.071 4 34.2677 1.19588e-28
1 0 1 7 7 0 -1 nan nan nan nan nan 0 nan nan
1 0 1 8 8 1069 0 30.0182 0.488392 0.059237 0.0202189 9.53896 3 3.17965 0.0229205
1 0 1 9 9 2612 0 33.8305 0.519909 -0.0659347 0.021514 30.1135 2 15.0568 2.89023e-07
1 0 1 10 10 2437 0 29.5551 0.433615 0.0641041 0.0186402 26.2765 4 6.56912 2.78312e-05
1 0 1 11 11 1449 0 30.5249 0.421528 0.0629106 0.0174738 3.23387 4 0.808468 0.519477
1 0 1 12 12 671 0 28.5589 0.964067 0.120127 0.0394351 2.9192 3 0.973067 0.404251
1 0 1 13 13 1866 0 28.2583 0.694315 0.141739 0.028303 68.9924 3 22.9975 7.01459e-15
1 1 1 7 21 3989 0 29.0649 0.272438 0.0530956 0.0122349 50.6872 3 16.8957 5.70324e-11
1 1 1 8 22 115 0 40.2812 1.25688 -0.405476 0.0589538 7.50061 2 3.75031 0.0235105
1 1 1 9 23 1839 0 30.3814 0.498292 -0.0193622 0.0223381 20.1633 3 6.7211 0.000157016
1 1 1 10 24 0 -1 nan nan nan nan nan 0 nan nan
1 1 1 11 25 6282 0 28.8679 0.278485 0.0308758 0.0126395 12.959 4 3.23975 0.0114778
1 1 1 12 26 11806 0 26.7087 0.165765 0.14426 0.0075921 20.5371 3 6.84572 0.000131343
1 1 1 13 27 13632 0 29.1578 0.184698 0.0350232 0.00834021 171.897 4 42.9743 4.09507e-36
1 2 1 7 35 3685 0 29.542 0.409319 0.0883919 0.0168468 6.3181 3 2.10603 0.0971191
1 2 1 8 36 5407 0 29.868 0.229699 -0.0864382 0.0110592 21.533 4 5.38326 0.000248203
1 2 1 9 37 4484 0 32.0795 0.287686 -0.249393 0.0147253 10.0179 3 3.33931 0.0184144
1 2 1 10 38 203 0 28.5476 2.43869 0.00605396 0.131685 1.21619 2 0.608093 0.544388
1 2 1 11 39 1 -1 nan nan nan nan nan 0 nan nan
1 2 1 12 40 0 -1 nan nan nan nan nan 0 nan nan
1 2 1 13 41 0 -1 nan nan nan nan nan 0 nan nan
1 3 1 7 49 242 0 32.7115 1.58547 -0.1147 0.0660626 1.98307 2 0.991534 0.371007
1 3 1 8 50 3001 0 31.5367 0.530356 0.021454 0.0214639 0.124159 3 0.0413864 0.988788
1 3 1 9 51 539 0 40.9162 0.938068 -0.31335 0.0388055 6.06371 3 2.02124 0.108551
1 3 1 10 52 716 0 36.7476 0.769518 -0.108701 0.0294634 35.379 3 11.793 1.01312e-07
1 3 1 11 53 46 0 39.1479 3.75279 -0.36395 0.144359 0.784323 2 0.392162 0.675595
1 3 1 12 54 1633 0 33.0716 0.570753 -0.0205223 0.0232873 26.64 3 8.88 7.00447e-06
1 3 1 13 55 1463 0 30.2003 0.591577 0.122507 0.02317 4.18334 3 1.39445 0.242335
1 4 1 7 63 3248 0 34.6966 0.649293 -0.197852 0.0273561 5.16754 3 1.72251 0.159932
1 4 1 8 64 1590 0 37.7705 0.888854 -0.160535 0.0355486 7.3863 3 2.4621 0.060553
1 4 1 9 65 2163 0 30.5448 0.470412 -0.0237288 0.021096 34.0763 4 8.51908 7.18813e-07
1 4 1 10 66 14147 0 28.1752 0.193651 0.113042 0.00828236 262.383 5 52.4767 1.20885e-54
1 4 1 11 67 2871 0 32.2194 0.373048 -0.0247664 0.0159597 69.2231 4 17.3058 3.31121e-14
1 4 1 12 68 7803 0 32.522 0.263526 -0.0893506 0.011667 12.247 4 3.06174 0.0156062
1 4 1 13 69 1640 0 33.8067 0.528533 -0.151715 0.0232228 9.97789 3 3.32596 0.018755
1 5 1 7 77 15801 0 28.4449 0.125975 -0.0142517 0.00612497 108.451 3 36.1504 2.36391e-23
1 5 1 8 78 14369 0 28.133 0.112001 0.0286596 0.00548527 51.1856 4 12.7964 2.04148e-10
1 5 1 9 79 15956 0 30.3349 0.138507 -0.042888 0.00618607 157.153 4 39.2882 5.96379e-33
1 5 1 10 80 2273 0 27.3446 0.329981 0.0133046 0.0152801 60.4416 4 15.1104 2.34275e-12
1 5 1 11 81 0 -1 nan nan nan nan nan 0 nan nan
1 5 1 12 82 0 -1 nan nan nan nan nan 0 nan nan
1 5 1 13 83 0 -1 nan nan nan nan nan 0 nan nan
2 0 0 0 0 0 -1 nan nan nan nan nan 0 nan nan
2 0 0 1 1 0 -1 nan nan nan nan nan 0 nan nan
2 0 0 2 2 2 -1 nan nan nan nan nan 0 nan nan
2 0 0 3 3 24 0 26.997 1.3718 0.0963144 0.0541096 1.84768 2 0.92384 0.396992
2 0 0 4 4 343 0 31.823 1.14295 0.0306488 0.0448783 8.19251 2 4.09625 0.0166349
2 0 0 5 5 116 0 31.8954 1.66609 0.0335909 0.0672133 0.872778 3 0.290926 0.831992
2 0 0 6 6 586 0 32.1528 0.904693 -0.023161 0.0393504 6.42425 2 3.21212 0.040271
2 1 0 0 14 1497 0 32.5427 0.673527 -0.0308011 0.0274725 5.29542 3 1.76514 0.1514
2 1 0 1 15 1835 0 28.403 0.499414 0.0831104 0.0214153 0.903341 3 0.301114 0.824622
2 1 0 2 16 2750 0 26.6158 0.345227 0.188399 0.0148421 5.96064 3 1.98688 0.113541
2 1 0 3 17 1749 0 28.1113 0.480752 0.127859 0.020682 12.3559 3 4.11863 0.00625834
2 1 0 4 18 1437 0 31.3985 0.375672 -0.0437277 0.0165158 36.1262 4 9.03156 2.72571e-07
2 1 0 5 19 893 0 31.7204 0.579515 -0.0536633 0.0253201 0.785908 3 0.261969 0.852835
2 1 0 6 20 1287 0 30.0348 0.492538 0.0284711 0.0219651 26.4113 3 8.80377 7.82147e-06
2 2 0 0 28 10762 0 28.9854 0.172947 0.00190012 0.00803184 15.6932 4 3.9233 0.00345974
2 2 0 1 29 10125 0 31.148 0.170653 -0.14476 0.00827081 86.9393 3 28.9798 9.95041e-19
2 2 0 2 30 21824 0 29.15 0.100733 -0.00138663 0.00479599 74.5951 4 18.6488 2.42686e-15
2 2 0 3 31 1736 0 25.8086 0.367556 0.13337 0.0171045 11.5986 4 2.89965 0.0205995
2 2 0 4 32 7232 0 27.9801 0.207286 -0.0181121 0.0105771 106.513 3 35.5045 6.17423e-23
2 2 0 5 33 7895 0 26.0444 0.19779 0.0309745 0.0101308 70.9654 3 23.6551 2.65161e-15
2 2 0 6 34 7851 0 30.2905 0.256492 -0.0698319 0.0120902 14.0944 4 3.52361 0.00699969
2 3 0 0 42 0 -1 nan nan nan nan nan 0 nan nan
2 3 0 1 43 0 -1 nan nan nan nan nan 0 nan nan
2 3 0 2 44 2 -1 nan nan nan nan nan 0 nan nan
2 3 0 3 45 883 0 31.2646 0.515744 0.103002 0.0205416 52.0844 3 17.3615 2.8736e-11
2 3 0 4 46 0 -1 nan nan nan nan nan 0 nan nan
2 3 0 5 47 473 0 37.8613 1.25782 -0.243316 0.0515305 12.8652 2 6.43258 0.0016083
2 3 0 6 48 542 0 38.849 1.34457 -0.255704 0.0526454 5.39043 2 2.69522 0.0675278
2 4 0 0 56 3337 0 27.0823 0.318191 0.264327 0.0119329 43.7184 4 10.9296 7.34055e-09
2 4 0 1 57 2706 0 29.345 0.415409 0.147322 0.0161095 106.89 4 26.7225 3.35042e-22
2 4 0 2 58 3882 0 33.5453 0.379709 -0.00380091 0.0145202 51.787 4 12.9467 1.52845e-10
2 4 0 3 59 1180 0 31.349 0.757373 0.0597006 0.0303539 0.143803 2 0.0719016 0.930622
2 4 0 4 60 1553 0 28.8485 0.521849 0.129177 0.0209873 40.3187 3 13.4396 9.12007e-09
2 4 0 5 61 347 0 32.9294 1.39736 -0.0878359 0.0601443 4.09064 3 1.36355 0.251842
2 4 0 6 62 3768 0 29.2187 0.334964 0.06774 0.0144941 7.30978 3 2.43659 0.0626529
2 5 0 0 70 1 -1 nan nan nan nan nan 0 nan nan
2 5 0 1 71 0 -1 nan nan nan nan nan 0 nan nan
2 5 0 2 72 2 -1 nan nan nan nan nan 0 nan nan
2 5 0 3 73 10 0 -12.75 36.5736 2.0625 1.55184 4.24666e-28 0 nan nan
2 5 0 4 74 50 0 41.3165 5.63807 -0.474708 0.272102 0.093177 1 0.093177 0.760176
2 5 0 5 75 37 0 30.2652 6.24678 0.143099 0.303771 0.00524002 1 0.00524002 0.942293
2 5 0 6 76 8457 0 27.1583 0.224078 0.0447915 0.0107106 119.268 4 29.8169 7.65759e-25
2 0 1 7 7 119 0 30.1877 1.94527 0.0491002 0.0805096 2.1817 1 2.1817 0.13966
2 0 1 8 8 1102 0 30.7975 0.596205 0.0235191 0.0251605 4.28886 3 1.42962 0.231915
2 0 1 9 9 2698 0 34.632 0.481586 -0.111494 0.0198418 24.6719 2 12.336 4.39096e-06
2 0 1 10 10 2245 0 28.6729 0.409619 0.0891835 0.0177269 6.30231 3 2.10077 0.0977937
2 0 1 11 11 1784 0 30.5167 0.434234 0.0744312 0.0176292 7.90391 4 1.97598 0.0951623
2 0 1 12 12 283 0 31.8167 1.38944 -0.00205634 0.0578802 0.298469 3 0.0994897 0.960316
2 0 1 13 13 1936 0 29.7628 0.715868 0.0778457 0.0291979 51.4726 3 17.1575 3.87964e-11
2 1 1 7 21 4055 0 29.4168 0.256851 0.0364154 0.0115116 62.7084 3 20.9028 1.55029e-13
2 1 1 8 22 4 -1 nan nan nan nan nan 0 nan nan
2 1 1 9 23 1291 0 30.2324 0.484871 -0.0156821 0.0215401 18.6475 3 6.21582 0.000323339
2 1 1 10 24 677 0 31.6921 0.688304 -0.0658457 0.0321154 10.618 2 5.30901 0.00494682
2 1 1 11 25 3095 0 28.7116 0.340618 0.0553373 0.0154346 8.44058 4 2.11015 0.0767089
2 1 1 12 26 5978 0 27.5072 0.225356 0.0853808 0.0103115 41.6694 4 10.4174 1.95321e-08
2 1 1 13 27 21950 0 28.1478 0.127334 0.0844589 0.0057572 244.418 4 61.1045 1.03737e-51
2 2 1 7 35 4488 0 27.7926 0.325607 0.120005 0.0136161 50.7758 4 12.6939 2.48648e-10
2 2 1 8 36 4201 0 28.1586 0.245113 0.00464509 0.011568 13.1699 4 3.29247 0.0104749
2 2 1 9 37 5252 0 31.8247 0.261692 -0.210964 0.0131665 10.1705 3 3.39018 0.0171708
2 2 1 10 38 1218 0 32.6235 0.60453 -0.25762 0.0314579 12.074 3 4.02466 0.00713398
2 2 1 11 39 16 0 42.5357 3.3804 -0.267857 0.195727 7.46937e-28 0 nan nan
2 2 1 12 40 0 -1 nan nan nan nan nan 0 nan nan
2 2 1 13 41 0 -1 nan nan nan nan nan 0 nan nan
2 3 1 7 49 278 0 31.1205 1.1117 -0.03374 0.0469913 12.2712 2 6.1356 0.00216442
2 3 1 8 50 2951 0 33.0168 0.415471 -0.0322138 0.0168368 3.63745 3 1.21248 0.303368
2 3 1 9 51 1254 0 38.35 0.695857 -0.174375 0.0275104 33.1323 3 11.0441 3.02021e-07
2 3 1 10 52 0 -1 nan nan nan nan nan 0 nan nan
2 3 1 11 53 0 -1 nan nan nan nan nan 0 nan nan
2 3 1 12 54 1722 0 32.0313 0.56362 0.032352 0.0228169 31.6219 3 10.5406 6.28715e-07
2 3 1 13 55 1502 0 29.692 0.502356 0.144547 0.0199134 14.1087 3 4.70291 0.00276084
2 4 1 7 63 2375 0 35.8901 0.445589 -0.230074 0.0192315 26.1269 3 8.70896 8.97142e-06
2 4 1 8 64 2362 0 37.2886 0.645396 -0.27383 0.0266956 28.1582 3 9.38605 3.36473e-06
2 4 1 9 65 1813 0 29.1316 0.498182 0.0293756 0.0223766 21.3014 4 5.32536 0.000275935
2 4 1 10 66 13773 0 27.9471 0.153268 0.110961 0.00655503 474.008 5 94.8015 3.24937e-100
2 4 1 11 67 3581 0 31.9888 0.29164 -0.0119869 0.012467 128.761 4 32.1903 7.16633e-27
2 4 1 12 68 6735 0 32.1589 0.255285 -0.0809278 0.0113591 13.617 4 3.40426 0.00862319
2 4 1 13 69 2785 0 32.1383 0.38287 -0.0769543 0.0169993 11.1397 4 2.78492 0.0250384
2 5 1 7 77 11502 0 27.8348 0.190322 0.0121215 0.00916807 155.135 3 51.7115 2.05605e-33
2 5 1 8 78 18717 0 28.7447 0.107301 -0.00793329 0.00534834 40.2471 4 10.0618 3.84791e-08
2 5 1 9 79 16701 0 29.6103 0.112177 -0.0160551 0.00505254 331.348 4 82.8369 1.8647e-70
2 5 1 10 80 4737 0 28.0846 0.214111 -0.00502365 0.00969391 170.534 4 42.6335 8.03278e-36
2 5 1 11 81 14 0 26.9574 1.90935 0.28125 0.09375 0.170213 1 0.170213 0.679923
2 5 1 12 82 0 -1 nan nan nan nan nan 0 nan nan
2 5 1 13 83 0 -1 nan nan nan nan nan 0 nan nan
