# CDet master calibration constants
# run 5710
# calibration_stage 7
# events_processed 2951891

[PixelOffsets]
0 0.000000 0
1 0.000000 0
2 0.000000 0
3 0.000000 0
4 0.000000 0
5 0.000000 0
6 0.000000 0
7 0.000000 0
8 0.000000 0
9 0.000000 0
10 0.000000 0
11 0.000000 0
12 0.000000 0
13 0.000000 0
14 0.000000 0
15 0.000000 0
16 0.000000 0
17 0.000000 0
18 0.000000 0
19 0.000000 0
20 0.000000 0
21 0.000000 0
22 0.000000 0
23 0.000000 0
24 0.000000 0
25 0.000000 0
26 0.000000 0
27 0.000000 0
28 0.000000 0
29 0.000000 0
30 0.000000 0
31 0.000000 0
32 0.000000 0
33 0.000000 0
34 0.000000 0
35 0.000000 0
36 0.000000 0
37 0.000000 0
38 0.000000 0
39 0.000000 0
40 0.000000 0
41 0.000000 0
42 0.000000 0
43 0.000000 0
44 0.000000 0
45 0.000000 0
46 0.000000 0
47 0.000000 0
48 0.000000 1
49 0.000000 0
50 0.000000 0
51 0.000000 0
52 0.000000 0
53 0.000000 0
54 0.000000 0
55 0.000000 1
56 0.000000 1
57 0.000000 0
58 0.000000 2
59 0.000000 0
60 0.000000 0
61 0.000000 0
62 0.000000 2
63 0.000000 9
64 -2.582281 3
65 -2.582281 0
66 -2.582281 3
67 -2.582281 7
68 -2.582281 6
69 -2.582281 3
70 -2.582281 4
71 -2.582281 10
72 4.510321 36
73 2.806244 32
74 2.424039 42
75 5.027274 39
76 4.001670 46
77 4.930673 38
78 2.806244 33
79 -2.582281 0
80 2.503625 10
81 2.503625 5
82 2.503625 30
83 -1.883341 0
84 2.503625 18
85 2.503625 2
86 2.503625 1
87 5.404245 40
88 -1.883341 4
89 -1.883341 1
90 -1.883341 0
91 -1.883341 2
92 -1.883341 0
93 -1.883341 0
94 -1.883341 0
95 -1.883341 0
96 -0.463812 0
97 -0.463812 0
98 -0.463812 0
99 -0.463812 0
100 -0.463812 0
101 7.631420 1
102 -0.463812 1
103 -0.463812 2
104 6.466066 3
105 6.737193 70
106 6.598995 80
107 6.466066 32
108 7.735392 49
109 -0.463812 0
110 4.960746 73
111 -0.463812 0
112 0.000000 0
113 0.000000 0
114 0.000000 0
115 0.000000 0
116 0.000000 0
117 0.000000 0
118 0.000000 0
119 0.000000 0
120 0.000000 0
121 0.000000 0
122 0.000000 0
123 0.000000 0
124 0.000000 0
125 0.000000 0
126 0.000000 0
127 0.000000 0
128 3.286858 13
129 -1.807661 47
130 3.861113 41
131 3.286858 12
132 4.354768 58
133 3.014206 46
134 3.415262 62
135 1.361816 64
136 3.462762 157
137 1.771958 125
138 2.862005 95
139 3.183661 161
140 -1.716276 0
141 1.870143 136
142 2.324469 12
143 -1.716276 0
144 1.339366 63
145 -2.203003 0
146 -0.663313 12
147 -0.663313 0
148 1.608671 53
149 -0.663313 31
150 -0.663313 22
151 -0.663313 18
152 0.880618 70
153 1.296225 180
154 2.104245 509
155 1.144972 484
156 -2.203003 0
157 -0.746426 49
158 1.236050 520
159 2.850674 468
160 3.837899 229
161 -2.603943 0
162 -2.544394 101
163 -0.585532 161
164 -1.378938 142
165 -2.509037 52
166 -2.603943 28
167 -2.402495 149
168 -0.747232 155
169 -0.572770 378
170 -2.785713 342
171 -1.791758 100
172 -1.377740 0
173 -2.335080 23
174 -0.791569 270
175 -1.377740 0
176 -2.881535 0
177 -3.264145 15
178 -3.264145 30
179 -3.884320 39
180 -4.068886 98
181 -3.264145 14
182 -4.090406 96
183 -0.015776 353
184 1.482905 445
185 -3.746229 13
186 -3.615906 38
187 -3.746229 31
188 -2.881535 0
189 -2.919703 82
190 -3.746229 7
191 -3.746229 21
192 7.918719 287
193 3.757287 21
194 3.757287 11
195 -1.708123 0
196 4.587621 62
197 3.837374 42
198 -2.325397 37
199 -1.708123 0
200 -1.708123 3
201 -1.708123 8
202 -1.708123 7
203 -1.708123 1
204 -1.708123 1
205 -1.708123 12
206 -1.708123 9
207 -1.708123 10
208 3.402948 64
209 3.538896 212
210 1.917109 281
211 0.195658 234
212 3.446111 105
213 -2.020060 0
214 -1.632004 231
215 -1.241474 259
216 3.904128 44
217 -1.623757 75
218 0.865303 25
219 0.865303 25
220 -2.020060 0
221 0.865303 27
222 0.865303 15
223 0.865303 0
224 2.847453 52
225 0.630924 13
226 0.630924 27
227 2.187389 70
228 1.250363 42
229 3.952062 41
230 0.372150 48
231 0.887912 48
232 -1.029008 89
233 0.905521 161
234 1.033171 205
235 0.534383 156
236 -2.713624 0
237 -1.351578 168
238 -0.781358 90
239 -2.713624 0
240 8.379631 81
241 4.027216 20
242 3.211901 97
243 4.027216 16
244 -1.307494 0
245 4.027216 14
246 2.691725 89
247 1.330649 137
248 1.694877 87
249 0.406072 333
250 1.257122 440
251 1.583094 32
252 1.583094 129
253 0.391254 122
254 3.879592 58
255 -1.307494 0
256 0.597619 13
257 2.186832 96
258 3.604454 154
259 1.950837 259
260 0.597619 12
261 -0.119393 178
262 -0.671265 276
263 1.207314 207
264 -2.011936 113
265 1.130309 423
266 -0.027973 436
267 1.290216 236
268 -1.201949 0
269 1.539132 88
270 -1.016233 50
271 -1.201949 0
272 3.465089 86
273 0.187996 259
274 0.291415 68
275 0.202102 155
276 0.341879 101
277 0.953415 32
278 0.679682 45
279 0.953415 2
280 1.877482 320
281 0.121852 200
282 0.700831 276
283 1.633807 1
284 -1.278997 0
285 -2.795988 46
286 0.956800 105
287 -1.278997 0
288 4.268006 123
289 -0.657357 98
290 0.445068 133
291 1.197001 77
292 0.659614 33
293 1.376577 94
294 0.893824 27
295 0.804676 45
296 2.560762 112
297 1.228813 164
298 0.552992 198
299 3.556159 99
300 -0.926229 0
301 -0.577162 87
302 1.449815 47
303 -0.926229 0
304 4.826990 51
305 1.650411 126
306 2.025343 93
307 -0.861198 0
308 2.263422 95
309 1.821133 176
310 2.061103 184
311 3.872486 100
312 -0.861198 21
313 -0.861198 9
314 -0.861198 6
315 -0.861198 0
316 -0.861198 0
317 -0.861198 0
318 -0.861198 0
319 -0.861198 0
320 2.612030 0
321 2.612030 5
322 2.612030 8
323 2.612030 7
324 2.612030 22
325 2.612030 31
326 2.570797 39
327 3.300697 67
328 3.234346 99
329 2.706467 78
330 3.320144 202
331 6.140981 55
332 -1.320048 0
333 3.490750 290
334 2.740945 208
335 -1.320048 0
336 2.416087 218
337 -0.584066 372
338 0.363421 336
339 -0.489756 0
340 0.411792 405
341 -2.379461 328
342 -1.175415 201
343 -0.460409 243
344 -1.055098 121
345 -1.460968 159
346 -0.115473 292
347 0.729828 302
348 1.753186 277
349 0.062652 165
350 1.740901 94
351 -0.489756 0
352 0.000000 17
353 0.000000 19
354 0.000000 0
355 0.000000 1
356 0.000000 5
357 0.000000 7
358 0.000000 5
359 0.000000 1
360 0.000000 3
361 0.000000 2
362 0.000000 0
363 0.000000 2
364 0.000000 0
365 0.000000 2
366 0.000000 4
367 -2.315886 40
368 -2.928900 12
369 -2.928900 3
370 -5.069702 82
371 -0.775599 0
372 -5.214034 58
373 -2.928900 32
374 -5.642099 43
375 -6.565198 61
376 -4.343725 168
377 -5.522667 104
378 -4.424318 78
379 -4.888134 158
380 -3.746649 122
381 -0.775599 0
382 -4.221834 93
383 -3.509868 340
384 0.000000 0
385 0.000000 0
386 0.000000 0
387 0.000000 0
388 0.000000 0
389 0.000000 0
390 0.000000 0
391 0.000000 0
392 0.000000 0
393 0.000000 0
394 0.000000 0
395 0.000000 0
396 0.000000 0
397 0.000000 0
398 0.000000 0
399 0.000000 0
400 7.290606 0
401 0.067738 0
402 7.290606 0
403 7.290606 0
404 7.290606 0
405 6.992283 487
406 10.451506 408
407 7.512835 267
408 6.610415 283
409 -7.178775 393
410 0.067738 0
411 -6.397837 579
412 -7.312881 79
413 -8.612821 872
414 -8.834488 979
415 -9.472833 1152
416 -7.964175 0
417 7.981990 382
418 -7.964175 0
419 -0.235421 0
420 -7.964175 0
421 -7.964175 18
422 -1.664739 133
423 -0.235421 0
424 -0.570142 31
425 -0.570142 0
426 -0.570142 1
427 -0.570142 0
428 -1.753400 112
429 -2.351870 2345
430 0.820452 4717
431 -0.980996 2498
432 4.524945 1104
433 2.077046 1099
434 1.633825 556
435 -0.373865 0
436 -0.373865 0
437 1.046182 449
438 1.286808 2085
439 1.481781 1351
440 0.498262 1147
441 0.894580 68
442 0.379856 19
443 0.343037 570
444 -0.185756 765
445 0.379856 28
446 -0.563005 78
447 -0.819841 235
448 -2.823863 66
449 -5.410785 505
450 -3.674333 52
451 0.628592 0
452 -3.830970 1673
453 -6.889763 695
454 -4.649441 723
455 -6.028275 581
456 -5.805100 1326
457 -4.933705 1438
458 -5.280447 676
459 -6.397740 372
460 -6.432006 113
461 0.628592 0
462 -5.428025 106
463 -5.428025 0
464 8.881559 0
465 1.363762 0
466 8.881559 0
467 7.386346 1088
468 8.881559 14
469 9.743787 1638
470 9.752437 1686
471 7.937798 1405
472 -5.030472 1125
473 -6.628260 1289
474 -6.138460 569
475 -5.227716 147
476 -6.188410 135
477 -6.828617 290
478 -6.661326 855
479 1.363762 0
480 -0.043126 0
481 -6.288426 402
482 -4.313111 130
483 -0.043126 0
484 -4.127630 37
485 -4.900070 2571
486 -4.639110 2468
487 -4.836875 2300
488 -3.313102 3149
489 -4.815359 2951
490 -2.856893 2649
491 -2.621177 1850
492 -5.893222 204
493 -5.750776 155
494 -5.757823 392
495 -5.246483 23
496 -2.079374 70
497 -1.569671 37
498 -2.766517 33
499 -0.628126 37
500 -2.766517 13
501 -2.766517 1
502 -2.766517 6
503 -2.766517 10
504 -4.288300 186
505 -5.551267 65
506 -6.714115 755
507 -4.621314 16
508 2.005305 0
509 -4.425860 44
510 -6.764452 405
511 2.005305 0
512 2.156377 0
513 -9.483624 266
514 -10.376535 75
515 2.156377 0
516 -10.049687 107
517 -12.951197 371
518 -11.862798 542
519 -11.276941 844
520 -10.223693 997
521 -10.448342 1046
522 -9.177239 369
523 -9.690922 188
524 -10.530378 277
525 -11.197848 305
526 -10.810834 503
527 -9.540391 13
528 4.051317 1175
529 -4.594754 1332
530 -3.734634 1477
531 0.473164 98
532 -2.428225 272
533 -1.713196 419
534 -3.127387 445
535 0.473164 279
536 -1.283660 111
537 -3.574702 147
538 -1.723876 839
539 0.126957 335
540 2.419075 0
541 1.369612 207
542 2.567444 153
543 2.419075 0
544 4.935095 233
545 3.242985 848
546 0.780083 0
547 -0.323726 1061
548 0.809947 460
549 -2.074467 315
550 -0.426946 546
551 -0.503505 597
552 -0.328090 234
553 -0.740968 170
554 -0.782993 315
555 0.623500 181
556 -0.070328 22
557 -2.075525 267
558 0.000765 402
559 0.780083 0
560 -4.281386 21
561 -4.401253 471
562 -2.417952 349
563 -1.962167 0
564 0.794005 508
565 -7.037565 88
566 -6.308574 101
567 -0.722504 522
568 -2.543014 31
569 -4.913242 105
570 -5.994087 144
571 -5.160542 265
572 -0.484752 124
573 -1.962167 0
574 -5.150648 111
575 -2.543014 0
576 1.722626 0
577 -0.261702 352
578 0.800260 0
579 -0.891227 74
580 -0.819280 184
581 -1.272772 357
582 0.337849 632
583 -0.071723 519
584 -0.866804 628
585 -0.240690 636
586 -1.043302 505
587 0.344666 337
588 0.760562 90
589 1.722626 0
590 -0.687773 14
591 -0.034950 743
592 -2.271223 347
593 -9.508333 112
594 -8.474019 345
595 -7.920018 16
596 2.105539 0
597 -8.153890 764
598 -6.102183 490
599 -5.382065 341
600 -5.715187 389
601 -5.527492 396
602 -4.950766 228
603 -5.456921 166
604 -4.802747 255
605 2.105539 0
606 -5.705029 98
607 -6.827880 108
608 -9.608794 49
609 0.323076 0
610 0.323076 0
611 -8.967225 16
612 -10.508042 49
613 -8.967225 12
614 -8.967225 7
615 -8.967225 4
616 0.323076 19
617 0.323076 27
618 0.323076 14
619 0.323076 4
620 0.323076 2
621 0.323076 0
622 0.323076 0
623 0.323076 0
624 0.000000 2
625 0.000000 0
626 0.000000 0
627 0.000000 0
628 0.000000 0
629 0.000000 0
630 0.000000 0
631 0.000000 0
632 0.000000 0
633 0.000000 0
634 0.000000 0
635 0.000000 0
636 0.000000 0
637 0.000000 0
638 0.000000 0
639 0.000000 0
640 0.000000 0
641 0.000000 0
642 0.000000 0
643 0.000000 0
644 0.000000 0
645 0.000000 0
646 0.000000 0
647 0.000000 0
648 0.000000 0
649 0.000000 0
650 0.000000 0
651 0.000000 0
652 0.000000 0
653 0.000000 0
654 0.000000 0
655 0.000000 0
656 0.000000 0
657 0.000000 0
658 0.000000 0
659 0.000000 0
660 0.000000 0
661 0.000000 0
662 0.000000 0
663 0.000000 0
664 0.000000 0
665 0.000000 0
666 0.000000 0
667 0.000000 0
668 0.000000 0
669 0.000000 0
670 0.000000 0
671 0.000000 0
672 0.000000 0
673 0.000000 0
674 0.000000 0
675 0.000000 0
676 0.000000 0
677 0.000000 0
678 0.000000 0
679 0.000000 0
680 0.000000 0
681 0.000000 0
682 0.000000 0
683 0.000000 0
684 0.000000 0
685 0.000000 0
686 0.000000 0
687 0.000000 0
688 0.000000 0
689 0.000000 0
690 0.000000 0
691 0.000000 0
692 0.000000 0
693 0.000000 0
694 0.000000 0
695 0.000000 0
696 0.000000 0
697 0.000000 0
698 0.000000 0
699 0.000000 0
700 0.000000 0
701 0.000000 0
702 0.000000 0
703 0.000000 0
704 0.000000 0
705 0.000000 0
706 0.000000 0
707 0.000000 0
708 0.000000 0
709 0.000000 0
710 0.000000 0
711 0.000000 0
712 0.000000 0
713 0.000000 0
714 0.000000 0
715 0.000000 0
716 0.000000 0
717 0.000000 0
718 0.000000 1
719 0.000000 0
720 -2.578748 0
721 -2.578748 0
722 -2.578748 0
723 -2.578748 0
724 -2.578748 0
725 -2.578748 0
726 -2.578748 0
727 10.109629 74
728 -2.578748 0
729 -2.578748 0
730 -2.578748 0
731 -2.578748 5
732 -2.578748 29
733 -2.578748 5
734 -2.578748 14
735 -2.578748 6
736 -2.330814 0
737 -2.415226 347
738 -4.235892 0
739 -1.836505 43
740 -2.204777 85
741 -0.755893 148
742 -2.330814 7
743 -2.330814 14
744 -4.235892 4
745 -4.235892 3
746 -4.235892 5
747 -4.235892 2
748 -4.235892 0
749 -4.235892 1
750 -4.235892 0
751 -4.235892 10
752 -2.311949 0
753 -2.311949 0
754 -2.311949 1
755 -2.311949 1
756 -2.311949 4
757 -2.311949 5
758 -2.311949 11
759 -2.311949 10
760 4.591390 44
761 5.284978 37
762 5.682266 64
763 2.313093 46
764 0.344969 41
765 3.048167 86
766 -2.311949 0
767 5.317779 27
768 3.906857 27
769 3.906857 0
770 3.906857 3
771 0.509613 36
772 3.906857 0
773 4.088659 119
774 4.155213 77
775 3.906857 6
776 4.218346 2
777 -3.038343 0
778 4.941857 138
779 7.709682 34
780 -3.038343 0
781 4.218346 30
782 4.218346 9
783 4.218346 18
784 -0.426396 0
785 -0.426396 3
786 -0.426396 10
787 -0.426396 10
788 -0.426396 7
789 -0.426396 1
790 -0.426396 3
791 -0.426396 0
792 8.204075 11
793 9.251337 39
794 8.204075 8
795 8.824391 54
796 8.204075 16
797 8.204075 12
798 8.204075 21
799 8.204075 5
800 -2.169867 0
801 -7.458461 12
802 -12.356790 1421
803 -7.458461 0
804 -3.254917 100
805 -3.127767 170
806 -3.176916 220
807 -2.363136 276
808 -2.918689 216
809 -3.497238 365
810 -3.264392 300
811 -3.171242 241
812 -2.169867 0
813 -3.497238 2
814 -1.909382 263
815 -3.497238 31
816 4.682820 65
817 3.071973 0
818 -4.022254 0
819 4.265686 72
820 5.291235 59
821 3.071973 13
822 6.384338 137
823 3.071973 0
824 -4.022254 0
825 -4.022254 0
826 -4.022254 0
827 -4.022254 0
828 -4.022254 0
829 -4.022254 2
830 -4.022254 0
831 -4.022254 5
832 -2.422458 266
833 -3.302229 223
834 -4.079465 26
835 -5.986074 38
836 -4.079465 10
837 -4.079465 27
838 -2.328431 37
839 -4.079465 0
840 -4.440429 5
841 -4.440429 3
842 -4.440429 2
843 -4.440429 10
844 -4.440429 0
845 -4.440429 3
846 -4.440429 1
847 -4.440429 0
848 0.000000 6
849 0.000000 1
850 0.000000 0
851 0.000000 3
852 0.000000 2
853 0.000000 1
854 0.000000 3
855 0.000000 9
856 0.000000 7
857 0.000000 4
858 0.000000 9
859 0.000000 4
860 0.000000 0
861 0.000000 0
862 0.000000 4
863 0.000000 28
864 6.989886 59
865 3.752530 183
866 4.281025 63
867 -3.011809 0
868 -3.011809 0
869 4.197663 48
870 2.922730 95
871 3.193605 13
872 5.815460 6
873 3.076387 39
874 2.841850 48
875 5.815460 0
876 1.860036 52
877 5.815460 3
878 5.815460 9
879 7.825411 887
880 3.820567 0
881 4.224480 49
882 3.820567 24
883 6.118736 71
884 -4.059619 0
885 -4.059619 0
886 3.820567 28
887 4.522187 67
888 5.734056 118
889 4.056115 71
890 2.767738 43
891 3.889748 26
892 4.127186 95
893 3.688754 275
894 1.767020 110
895 9.333929 341
896 5.126721 43
897 7.920102 262
898 7.746176 187
899 5.060888 131
900 -4.472283 0
901 6.460479 530
902 7.493684 654
903 6.745668 799
904 -4.472283 0
905 6.117546 49
906 5.437304 48
907 6.020438 128
908 3.987432 64
909 3.870391 6
910 5.234326 84
911 3.870391 7
912 -3.621142 0
913 3.003010 0
914 3.003010 0
915 4.777749 298
916 3.710701 175
917 5.343448 562
918 5.433115 885
919 2.913169 468
920 3.295487 717
921 3.589358 0
922 3.589358 0
923 3.589358 0
924 3.589358 0
925 3.589358 0
926 3.589358 0
927 -3.621142 0
928 3.311924 0
929 1.152027 136
930 -0.209683 503
931 0.002498 102
932 3.711147 370
933 4.895871 659
934 1.261073 362
935 3.695098 535
936 2.045519 118
937 2.499359 516
938 0.119681 88
939 3.195206 20
940 -3.665991 0
941 2.207688 66
942 3.195206 4
943 -3.665991 0
944 2.889322 18
945 -2.735126 0
946 2.889322 0
947 -2.735126 0
948 3.115419 36
949 -1.868117 49
950 2.889322 10
951 5.316725 280
952 2.470091 86
953 3.613989 65
954 3.303370 121
955 2.757557 1
956 2.757557 21
957 1.284835 113
958 1.843960 116
959 2.757557 6
960 1.633133 188
961 3.166058 0
962 1.813291 101
963 1.331287 208
964 1.324879 105
965 4.842897 183
966 0.622622 136
967 -2.755721 0
968 -1.183474 39
969 -1.945091 40
970 1.514838 44
971 -2.755721 0
972 -1.013101 116
973 -0.875052 65
974 -0.343010 29
975 3.389146 61
976 0.871430 5
977 0.871430 2
978 0.871430 1
979 0.871430 2
980 0.871430 24
981 0.871430 0
982 0.393422 82
983 0.871430 0
984 -2.738155 0
985 -2.738155 0
986 -2.738155 0
987 -2.738155 0
988 -2.738155 0
989 -2.738155 33
990 -2.738155 3
991 -2.738155 0
992 4.057688 77
993 3.455721 394
994 3.599868 0
995 3.599868 1
996 1.440965 134
997 3.529324 568
998 0.461258 252
999 2.107266 78
1000 4.675095 244
1001 2.740574 183
1002 4.341435 138
1003 4.063485 527
1004 5.182188 372
1005 -1.118967 0
1006 2.532229 318
1007 -1.118967 0
1008 -2.718796 0
1009 2.229542 398
1010 -4.784930 42
1011 -1.603721 0
1012 -0.822320 763
1013 -2.718796 24
1014 -2.619841 83
1015 -2.718796 0
1016 2.586757 0
1017 2.586757 0
1018 2.586757 0
1019 2.586757 0
1020 2.586757 0
1021 -2.172285 611
1022 1.439893 481
1023 -1.603721 0
1024 -8.594601 57
1025 -4.421293 10
1026 2.324717 718
1027 -5.069187 0
1028 -5.069187 0
1029 -4.421293 0
1030 1.200914 186
1031 -4.421293 0
1032 2.111205 83
1033 3.437533 52
1034 -8.474399 48
1035 -3.527382 42
1036 -0.718878 8
1037 -0.718878 3
1038 -0.718878 4
1039 -0.718878 15
1040 -5.889266 262
1041 -3.955071 254
1042 -14.729583 303
1043 0.016702 0
1044 -8.549045 71
1045 -0.618258 41
1046 -8.549045 10
1047 17.946462 57
1048 12.922127 157
1049 -3.088740 128
1050 0.016702 0
1051 -3.088740 1
1052 -3.088740 0
1053 -3.088740 0
1054 -3.088740 0
1055 -3.349398 350
1056 -7.291256 372
1057 -7.474427 356
1058 -5.201154 38
1059 -5.033149 288
1060 -8.363906 297
1061 -0.989046 1227
1062 -6.593104 2186
1063 -6.911407 1676
1064 -5.868306 3263
1065 -8.005577 429
1066 -1.144322 0
1067 -6.531773 568
1068 -1.144322 0
1069 -7.455269 284
1070 -5.642986 1
1071 -1.258659 299
1072 -1.836751 0
1073 -0.213094 7
1074 0.700636 80
1075 -1.836751 0
1076 -0.213094 30
1077 -0.213094 18
1078 -0.213094 34
1079 -0.213094 0
1080 -0.523871 162
1081 0.849126 1602
1082 -0.851337 55
1083 -4.240188 43
1084 -0.523871 11
1085 -1.481716 38
1086 -0.523871 4
1087 -0.325000 59
1088 -0.820228 0
1089 -3.565664 313
1090 -4.541025 517
1091 -5.417080 374
1092 -3.920869 363
1093 -4.862714 473
1094 -4.128705 1192
1095 -4.272195 511
1096 -4.692328 132
1097 -3.906971 483
1098 -2.614946 649
1099 -2.707713 43
1100 -4.156202 210
1101 -3.672959 92
1102 -0.820228 0
1103 1.929431 769
1104 2.277715 243
1105 2.484467 65
1106 -1.399917 0
1107 2.797128 514
1108 0.689376 130
1109 0.987283 24
1110 0.987283 32
1111 0.987283 3
1112 -1.399917 7
1113 -1.399917 10
1114 -1.399917 22
1115 -1.399917 2
1116 -1.399917 2
1117 -1.399917 1
1118 -1.399917 0
1119 -1.399917 0
1120 0.000000 0
1121 0.000000 0
1122 0.000000 0
1123 0.000000 0
1124 0.000000 0
1125 0.000000 0
1126 0.000000 0
1127 0.000000 0
1128 0.000000 0
1129 0.000000 0
1130 0.000000 0
1131 0.000000 0
1132 0.000000 0
1133 0.000000 0
1134 0.000000 0
1135 0.000000 0
1136 0.000000 0
1137 0.000000 4
1138 0.000000 0
1139 0.000000 1
1140 0.000000 0
1141 0.000000 5
1142 0.000000 7
1143 0.000000 1
1144 0.000000 0
1145 0.000000 4
1146 0.000000 0
1147 0.000000 11
1148 0.000000 0
1149 0.000000 8
1150 0.000000 0
1151 0.000000 0
1152 0.000000 0
1153 0.000000 0
1154 0.000000 0
1155 0.000000 0
1156 0.000000 0
1157 0.000000 0
1158 0.000000 0
1159 0.000000 0
1160 10.424581 0
1161 10.475806 121
1162 0.000000 0
1163 10.424581 0
1164 10.424581 0
1165 10.424581 0
1166 0.000000 0
1167 10.424581 0
1168 0.000000 3
1169 0.000000 12
1170 0.000000 0
1171 0.000000 4
1172 0.000000 2
1173 0.000000 13
1174 0.000000 14
1175 0.000000 11
1176 0.000000 2
1177 0.000000 1
1178 0.000000 0
1179 0.000000 1
1180 0.000000 3
1181 0.000000 7
1182 0.000000 0
1183 0.000000 9
1184 0.000000 0
1185 0.000000 13
1186 0.000000 0
1187 0.000000 4
1188 0.000000 16
1189 0.000000 26
1190 0.000000 13
1191 0.000000 16
1192 -3.831945 12
1193 -3.831945 7
1194 -3.831945 7
1195 -3.831945 6
1196 -3.831945 13
1197 -3.831945 18
1198 -3.831945 8
1199 -3.831945 33
1200 1.727967 0
1201 1.727967 0
1202 1.727967 1
1203 1.727967 0
1204 1.727967 6
1205 1.727967 9
1206 1.727967 13
1207 1.727967 3
1208 -1.384829 18
1209 -1.011561 184
1210 -0.632873 334
1211 -0.899196 663
1212 -1.061020 121
1213 -3.139265 639
1214 -4.098687 239
1215 1.727967 0
1216 1.345064 2
1217 -0.093589 1507
1218 0.690058 1157
1219 1.345064 10
1220 -0.769213 463
1221 -1.667875 518
1222 1.345064 221
1223 -0.978422 572
1224 -0.333617 758
1225 -1.315747 207
1226 -3.632461 236
1227 -1.576897 1023
1228 1.664330 0
1229 -0.988169 606
1230 -1.373566 1274
1231 1.664330 0
1232 -4.135050 1
1233 -5.326090 846
1234 -5.712156 902
1235 1.591546 0
1236 -7.129752 1251
1237 -6.374990 1167
1238 -6.832472 1123
1239 -4.135050 397
1240 -5.318421 988
1241 -7.152518 995
1242 -5.869098 617
1243 -6.544440 1497
1244 -5.341524 1461
1245 -5.338159 1668
1246 -6.466670 1859
1247 1.591546 0
1248 -12.152499 1383
1249 0.867242 0
1250 -8.483165 1158
1251 -10.290206 1054
1252 0.867242 0
1253 -10.527416 1205
1254 -10.625403 1049
1255 -9.321259 1575
1256 -8.604563 826
1257 -10.464131 567
1258 -9.027112 841
1259 -10.513751 616
1260 -9.015405 113
1261 -10.945672 0
1262 -12.537500 719
1263 -7.716001 69
1264 -14.236071 2285
1265 -13.583618 2617
1266 -11.357939 0
1267 0.601832 0
1268 -13.337750 2709
1269 -11.535235 2822
1270 -13.086691 1397
1271 -12.549690 544
1272 -12.518596 353
1273 -14.594472 551
1274 0.601832 0
1275 -11.605733 1091
1276 -9.167335 11
1277 -11.807496 229
1278 -16.495568 33
1279 -8.656392 428
1280 -14.494228 489
1281 -13.020319 437
1282 2.452020 0
1283 -13.025982 357
1284 -13.719114 247
1285 2.452020 0
1286 -11.870671 330
1287 -12.265255 203
1288 -11.411290 109
1289 -13.960515 41
1290 -9.646577 12
1291 -9.646577 19
1292 -9.646577 6
1293 -9.646577 2
1294 -9.646577 0
1295 -9.646577 0
1296 0.000000 0
1297 0.000000 0
1298 0.000000 0
1299 0.000000 0
1300 0.000000 0
1301 0.000000 0
1302 0.000000 0
1303 0.000000 0
1304 0.000000 0
1305 0.000000 0
1306 0.000000 0
1307 0.000000 0
1308 0.000000 0
1309 0.000000 0
1310 0.000000 0
1311 0.000000 0
1312 0.000000 0
1313 0.000000 0
1314 0.000000 0
1315 0.000000 0
1316 0.000000 0
1317 0.000000 0
1318 0.000000 0
1319 0.000000 0
1320 0.000000 0
1321 0.000000 0
1322 0.000000 0
1323 0.000000 0
1324 0.000000 0
1325 0.000000 0
1326 0.000000 0
1327 0.000000 0
1328 0.000000 0
1329 0.000000 0
1330 0.000000 0
1331 0.000000 0
1332 0.000000 0
1333 0.000000 0
1334 0.000000 0
1335 0.000000 0
1336 0.000000 0
1337 0.000000 0
1338 0.000000 0
1339 0.000000 0
1340 0.000000 0
1341 0.000000 0
1342 0.000000 0
1343 0.000000 0
1344 0.000000 0
1345 0.000000 0
1346 0.000000 0
1347 0.000000 0
1348 0.000000 0
1349 0.000000 0
1350 0.000000 0
1351 0.000000 0
1352 0.000000 0
1353 0.000000 0
1354 0.000000 0
1355 0.000000 0
1356 0.000000 0
1357 0.000000 0
1358 0.000000 0
1359 0.000000 0
1360 0.000000 0
1361 0.000000 0
1362 0.000000 0
1363 0.000000 0
1364 0.000000 0
1365 0.000000 0
1366 0.000000 0
1367 0.000000 0
1368 0.000000 0
1369 0.000000 0
1370 0.000000 0
1371 0.000000 0
1372 0.000000 0
1373 0.000000 0
1374 0.000000 0
1375 0.000000 0
1376 0.000000 0
1377 0.000000 0
1378 0.000000 0
1379 0.000000 0
1380 0.000000 0
1381 0.000000 0
1382 0.000000 0
1383 0.000000 0
1384 0.000000 0
1385 0.000000 0
1386 0.000000 1
1387 0.000000 1
1388 0.000000 0
1389 0.000000 0
1390 0.000000 0
1391 0.000000 0
1392 0.000000 0
1393 0.000000 0
1394 0.000000 0
1395 0.000000 0
1396 0.000000 1
1397 0.000000 1
1398 0.000000 0
1399 0.000000 0
1400 0.000000 4
1401 0.000000 1
1402 0.000000 5
1403 0.000000 0
1404 0.000000 4
1405 0.000000 0
1406 0.000000 6
1407 0.000000 4
1408 4.891847 11
1409 -2.989651 0
1410 4.891847 7
1411 4.891847 25
1412 3.536037 42
1413 4.885679 41
1414 4.648274 35
1415 4.891847 24
1416 3.935689 63
1417 3.935689 17
1418 3.935689 25
1419 3.935689 7
1420 -2.989651 0
1421 3.935689 21
1422 3.935689 29
1423 3.935689 0
1424 4.390218 10
1425 4.390218 31
1426 5.376506 35
1427 4.390218 5
1428 0.000000 0
1429 4.390218 18
1430 4.390218 12
1431 4.390218 6
1432 0.000000 0
1433 0.000000 0
1434 0.000000 0
1435 0.000000 2
1436 0.000000 1
1437 0.000000 0
1438 0.000000 0
1439 0.000000 0
1440 -0.756867 1
1441 -0.435727 57
1442 0.979674 57
1443 -1.523820 0
1444 -0.756867 29
1445 1.462240 48
1446 -1.421035 85
1447 0.866414 85
1448 1.371043 38
1449 -0.019995 32
1450 -1.267613 68
1451 -1.267613 42
1452 -1.267613 0
1453 -1.267613 9
1454 -1.267613 6
1455 -1.523820 0
1456 0.000000 7
1457 0.000000 1
1458 0.000000 2
1459 0.000000 0
1460 0.000000 3
1461 0.000000 0
1462 0.000000 1
1463 0.000000 1
1464 -5.041039 1
1465 -5.041039 4
1466 -5.041039 4
1467 -5.041039 30
1468 0.000000 0
1469 -5.041039 25
1470 -4.068301 44
1471 0.000000 0
1472 8.683885 76
1473 -7.117123 72
1474 -4.066342 3
1475 -1.402558 45
1476 -5.605156 72
1477 -6.334048 152
1478 -4.482901 150
1479 -2.811077 98
1480 -5.295940 154
1481 -4.170967 140
1482 -6.034634 87
1483 -5.107153 69
1484 -4.077154 29
1485 -2.640341 47
1486 -1.664393 0
1487 -1.664393 0
1488 -1.554585 0
1489 -1.554585 0
1490 -1.554585 0
1491 -1.554585 0
1492 -1.554585 0
1493 -1.554585 0
1494 -1.554585 0
1495 0.369031 587
1496 1.446244 615
1497 -0.048984 422
1498 2.250188 601
1499 0.890598 617
1500 -2.580645 0
1501 -0.737907 22
1502 -0.238894 180
1503 -2.580645 0
1504 -3.576848 190
1505 -9.561918 66
1506 -5.915026 216
1507 -6.578470 101
1508 -5.489768 128
1509 -7.881933 159
1510 -7.881933 0
1511 -7.055634 322
1512 -6.339832 385
1513 -5.595625 310
1514 -4.631942 194
1515 -7.046734 113
1516 -1.099868 0
1517 -6.148978 110
1518 -7.290198 84
1519 -1.099868 0
1520 -2.802310 0
1521 -10.316541 43
1522 -9.912496 75
1523 -2.802310 0
1524 -7.571259 108
1525 -11.130315 83
1526 -9.348103 266
1527 -10.665246 275
1528 -7.527387 320
1529 -7.876029 87
1530 -8.807437 4
1531 -9.382988 45
1532 -8.461996 91
1533 -7.563885 32
1534 -6.575519 131
1535 -8.793444 196
1536 -1.760831 0
1537 -5.993292 18
1538 -5.993292 19
1539 -6.886175 47
1540 -3.034539 50
1541 -5.727358 70
1542 -5.993292 23
1543 -5.993292 14
1544 -1.760831 0
1545 -1.760831 0
1546 -1.760831 0
1547 -1.760831 0
1548 -1.760831 0
1549 -1.760831 0
1550 -1.760831 0
1551 -1.760831 0
1552 1.048388 256
1553 -6.704906 281
1554 -7.405033 280
1555 -5.320072 93
1556 -8.113707 205
1557 -2.052811 0
1558 -7.686844 318
1559 -4.879280 24
1560 -5.774047 99
1561 -5.774047 23
1562 -5.774047 11
1563 -5.774047 20
1564 -5.774047 21
1565 -5.774047 5
1566 -3.735680 60
1567 -2.052811 0
1568 -2.031663 0
1569 2.836860 72
1570 4.443483 30
1571 6.455978 45
1572 3.540052 75
1573 2.388626 34
1574 1.986170 57
1575 4.182699 51
1576 5.014473 203
1577 4.541880 214
1578 4.160395 178
1579 3.515260 157
1580 5.378040 79
1581 4.020269 87
1582 2.529719 53
1583 -2.031663 0
1584 -1.003028 0
1585 0.597061 37
1586 -0.130987 51
1587 3.156704 14
1588 -0.630441 111
1589 1.145197 102
1590 2.847128 190
1591 0.490532 269
1592 1.294191 285
1593 2.089661 230
1594 2.126124 188
1595 2.408842 59
1596 2.954462 114
1597 -1.003028 0
1598 1.864077 78
1599 2.954462 5
1600 1.226912 83
1601 -1.421095 71
1602 -0.789873 222
1603 -1.069896 0
1604 -1.345603 43
1605 -1.021383 282
1606 0.126023 323
1607 -2.058689 109
1608 -1.618897 328
1609 -0.862263 374
1610 -1.081302 433
1611 -1.939439 169
1612 -0.752375 32
1613 -4.353183 78
1614 -0.828430 77
1615 -1.069896 0
1616 0.858093 255
1617 -1.322972 0
1618 1.144850 82
1619 -1.521834 174
1620 -1.788656 111
1621 -1.244688 42
1622 -0.113984 35
1623 0.579140 2
1624 -3.021929 299
1625 -4.410428 195
1626 -1.789797 316
1627 -2.966208 11
1628 -1.770104 47
1629 -1.322972 0
1630 -3.345818 67
1631 -4.329611 115
1632 3.887745 144
1633 -0.046215 105
1634 -0.191739 111
1635 0.991123 69
1636 0.265649 87
1637 -0.482715 80
1638 -0.150668 56
1639 -1.284377 67
1640 0.375603 132
1641 -0.757362 183
1642 -0.909600 176
1643 -1.009503 143
1644 1.153618 33
1645 1.153618 20
1646 -0.644163 0
1647 -0.644163 0
1648 -1.002225 0
1649 1.063227 98
1650 1.740277 129
1651 2.982592 59
1652 1.762110 112
1653 2.409023 211
1654 -1.002225 0
1655 0.986321 142
1656 -1.002225 31
1657 -1.002225 19
1658 -1.002225 10
1659 -1.002225 4
1660 -1.002225 0
1661 -1.002225 1
1662 -1.002225 0
1663 -1.002225 0
1664 -5.882604 21
1665 -5.882604 9
1666 -4.637818 35
1667 -5.882604 0
1668 -5.882604 160
1669 -5.882604 4
1670 -8.728244 80
1671 -5.882604 71
1672 7.044598 77
1673 7.781431 55
1674 7.059977 186
1675 8.824023 108
1676 -0.720988 0
1677 10.080206 250
1678 7.507607 205
1679 -0.720988 0
1680 7.318580 214
1681 4.929249 431
1682 5.299722 365
1683 4.357942 241
1684 5.707435 518
1685 3.313479 181
1686 3.635258 223
1687 4.109864 225
1688 4.503989 152
1689 2.400683 172
1690 4.232721 349
1691 5.062077 354
1692 -0.658621 0
1693 4.947302 248
1694 5.659098 183
1695 -0.658621 0
1696 0.000000 11
1697 0.000000 0
1698 0.000000 0
1699 0.000000 0
1700 0.000000 0
1701 0.000000 0
1702 0.000000 0
1703 0.000000 0
1704 0.000000 0
1705 0.000000 0
1706 0.000000 0
1707 0.000000 0
1708 0.000000 0
1709 0.000000 0
1710 0.000000 0
1711 0.000000 0
1712 6.759094 45
1713 2.936772 8
1714 2.936772 8
1715 -0.681346 0
1716 1.569714 71
1717 0.734995 60
1718 2.339610 42
1719 2.936772 35
1720 2.525039 98
1721 1.172061 178
1722 1.157184 159
1723 0.515137 85
1724 3.230717 151
1725 -0.681346 0
1726 1.642355 91
1727 -0.087357 144
1728 1.334373 325
1729 -4.222700 17
1730 -4.222700 30
1731 -4.222700 11
1732 -0.797092 0
1733 -4.222700 8
1734 -4.222700 11
1735 -4.222700 9
1736 -4.068215 25
1737 -4.068215 34
1738 -4.068215 23
1739 -4.068215 19
1740 -4.068215 15
1741 -4.068215 7
1742 -4.068215 25
1743 -0.797092 0
1744 0.069740 0
1745 -3.442186 1
1746 -3.442186 6
1747 -3.442186 7
1748 -1.396505 76
1749 -6.604892 65
1750 -4.509821 149
1751 -3.243296 152
1752 -3.309259 553
1753 -4.753524 181
1754 -2.727973 0
1755 -3.455701 502
1756 -0.220354 474
1757 0.069740 0
1758 -4.800170 97
1759 -1.885186 269
1760 -1.229942 1291
1761 0.478208 0
1762 -4.098879 1094
1763 -2.616710 425
1764 -2.246235 106
1765 -4.322353 148
1766 -3.651143 76
1767 -3.802470 110
1768 -0.728084 143
1769 -0.333726 241
1770 0.478208 0
1771 -1.361308 82
1772 -1.662350 94
1773 -1.672943 178
1774 0.514810 332
1775 0.090151 1630
1776 6.308656 3868
1777 1.625368 3066
1778 -0.214993 0
1779 4.030784 1804
1780 2.728594 808
1781 2.446049 1223
1782 1.685659 591
1783 3.953580 935
1784 3.870775 1943
1785 3.017925 1100
1786 -0.214993 0
1787 0.419122 635
1788 2.642563 337
1789 4.477781 163
1790 1.436018 402
1791 1.897074 817
1792 3.920170 96
1793 2.926926 238
1794 3.336659 27
1795 -0.823802 46
1796 1.503625 541
1797 1.359673 1333
1798 1.735465 1166
1799 3.336659 25
1800 1.063274 1214
1801 1.453786 1297
1802 0.082541 1392
1803 -0.795087 550
1804 0.738734 0
1805 -1.569264 392
1806 -3.480681 214
1807 0.738734 0
1808 3.813540 44
1809 -1.220801 21
1810 -1.391688 114
1811 -1.220801 21
1812 -1.220801 164
1813 -1.220801 85
1814 -0.030280 1262
1815 -0.883626 1172
1816 -1.993356 1137
1817 -0.937517 2210
1818 0.134027 1947
1819 -0.864011 184
1820 1.519543 0
1821 -1.793115 354
1822 -1.907585 116
1823 1.519543 0
1824 -0.776064 96
1825 -5.121800 307
1826 -2.180149 756
1827 -2.122890 496
1828 -4.280999 87
1829 -1.876177 873
1830 -0.816840 2194
1831 -1.165488 2416
1832 -0.518960 2540
1833 -1.267701 2873
1834 -1.264223 2989
1835 -2.209783 2168
1836 0.064628 0
1837 -4.560143 1282
1838 -3.136335 713
1839 0.064628 0
1840 2.568715 298
1841 -0.435338 271
1842 0.029373 170
1843 -0.792419 92
1844 0.048318 82
1845 0.523222 21
1846 0.523222 8
1847 0.523222 13
1848 -0.457214 123
1849 -1.415567 8
1850 -2.479915 94
1851 -1.415567 28
1852 -1.957358 156
1853 -1.928368 94
1854 1.198436 0
1855 1.198436 0
1856 1.970289 0
1857 -3.568258 711
1858 0.552503 169
1859 -0.797267 339
1860 -2.182279 512
1861 -1.590361 12
1862 -1.590361 0
1863 -1.590361 0
1864 -1.928060 647
1865 -1.441920 686
1866 -2.050342 941
1867 -2.331511 966
1868 1.970289 0
1869 -2.038399 1208
1870 -1.311701 0
1871 -1.311701 0
1872 0.427833 430
1873 -3.210544 178
1874 -1.504691 502
1875 1.718902 25
1876 0.230424 1046
1877 3.184139 0
1878 -0.537577 1285
1879 -1.204057 1638
1880 -1.935580 63
1881 -0.631230 115
1882 0.038372 74
1883 -0.575550 355
1884 0.158933 29
1885 1.144334 37
1886 -0.219204 44
1887 3.184139 0
1888 3.176020 946
1889 2.421978 768
1890 4.021743 415
1891 1.691332 557
1892 4.774883 562
1893 4.682005 909
1894 0.869485 1052
1895 0.960190 907
1896 10.686213 762
1897 -0.682030 617
1898 0.204257 408
1899 -0.101842 530
1900 2.243415 53
1901 1.710254 432
1902 0.630410 0
1903 0.630410 0
1904 1.412098 326
1905 -1.404607 245
1906 -0.746564 136
1907 -1.846292 343
1908 -0.160847 308
1909 -1.262433 256
1910 2.026477 412
1911 1.220726 263
1912 3.316748 415
1913 -1.296202 207
1914 0.607274 229
1915 3.974681 448
1916 -1.207692 0
1917 3.299593 77
1918 0.013474 175
1919 -1.207692 0
1920 -3.840273 35
1921 -8.869355 293
1922 -3.244537 6
1923 -3.774815 66
1924 -8.559093 77
1925 -4.651483 264
1926 -5.817613 155
1927 -6.045679 82
1928 -7.043864 261
1929 -7.056218 295
1930 -6.818511 455
1931 -6.501513 646
1932 -7.021601 256
1933 -5.252637 915
1934 1.631728 0
1935 1.631728 0
1936 -8.071115 356
1937 -14.257359 89
1938 -13.011375 166
1939 -8.663829 40
1940 -10.933219 376
1941 -12.718784 536
1942 2.079391 0
1943 -11.566566 144
1944 -13.177123 313
1945 -13.287843 332
1946 -12.275753 515
1947 -15.811449 693
1948 -13.262092 565
1949 -11.427678 39
1950 -14.279846 556
1951 2.079391 0
1952 -5.442969 334
1953 -12.080819 36
1954 -10.618460 200
1955 -8.435214 235
1956 -11.259866 57
1957 -12.159327 83
1958 -13.293478 33
1959 -10.447991 40
1960 -11.179497 39
1961 -14.444711 40
1962 -13.153112 34
1963 -13.357297 4
1964 2.032512 0
1965 -13.357297 2
1966 -13.357297 14
1967 2.032512 0
1968 0.000000 8
1969 0.000000 3
1970 0.000000 3
1971 0.000000 0
1972 0.000000 0
1973 0.000000 0
1974 0.000000 0
1975 0.000000 1
1976 0.000000 0
1977 0.000000 0
1978 0.000000 0
1979 0.000000 0
1980 0.000000 0
1981 0.000000 0
1982 0.000000 0
1983 0.000000 0
1984 0.000000 0
1985 0.000000 0
1986 0.000000 0
1987 0.000000 0
1988 0.000000 0
1989 0.000000 0
1990 0.000000 0
1991 0.000000 0
1992 0.000000 0
1993 0.000000 0
1994 0.000000 0
1995 0.000000 0
1996 0.000000 0
1997 0.000000 0
1998 0.000000 0
1999 0.000000 0
2000 0.000000 0
2001 0.000000 0
2002 0.000000 0
2003 0.000000 0
2004 0.000000 0
2005 0.000000 0
2006 0.000000 0
2007 0.000000 0
2008 0.000000 0
2009 0.000000 0
2010 0.000000 0
2011 0.000000 0
2012 0.000000 0
2013 0.000000 0
2014 0.000000 0
2015 0.000000 0
2016 0.000000 0
2017 0.000000 0
2018 0.000000 0
2019 0.000000 0
2020 0.000000 0
2021 0.000000 0
2022 0.000000 0
2023 0.000000 0
2024 0.000000 0
2025 0.000000 0
2026 0.000000 0
2027 0.000000 0
2028 0.000000 0
2029 0.000000 0
2030 0.000000 0
2031 0.000000 0
2032 0.000000 0
2033 0.000000 0
2034 0.000000 0
2035 0.000000 0
2036 0.000000 0
2037 0.000000 0
2038 0.000000 0
2039 0.000000 0
2040 0.000000 0
2041 0.000000 0
2042 0.000000 0
2043 0.000000 0
2044 0.000000 0
2045 0.000000 0
2046 0.000000 0
2047 0.000000 0
2048 0.000000 0
2049 0.000000 0
2050 0.000000 0
2051 0.000000 0
2052 0.000000 0
2053 0.000000 0
2054 0.000000 0
2055 0.000000 0
2056 0.000000 0
2057 0.000000 1
2058 0.000000 0
2059 0.000000 0
2060 0.000000 0
2061 0.000000 0
2062 0.000000 0
2063 0.000000 0
2064 -3.927218 0
2065 -3.927218 2
2066 -3.927218 2
2067 -3.927218 0
2068 -3.927218 0
2069 -3.927218 21
2070 -3.927218 18
2071 -4.710327 20
2072 -3.757987 20
2073 -3.757987 18
2074 -4.570143 39
2075 -4.311606 55
2076 -3.011452 178
2077 -4.832747 312
2078 -5.860113 157
2079 -2.282099 220
2080 0.000000 0
2081 0.000000 0
2082 0.000000 0
2083 0.000000 0
2084 0.000000 0
2085 0.000000 0
2086 0.000000 0
2087 0.000000 0
2088 0.000000 0
2089 0.000000 0
2090 0.000000 0
2091 0.000000 0
2092 0.000000 0
2093 0.000000 0
2094 0.000000 0
2095 0.000000 2
2096 6.124802 2
2097 6.124802 9
2098 6.124802 9
2099 -1.665755 0
2100 -0.944005 37
2101 6.124802 21
2102 6.124802 21
2103 6.124802 26
2104 -1.665755 0
2105 2.337400 96
2106 1.856598 93
2107 0.974994 35
2108 2.986370 18
2109 2.800393 37
2110 2.986370 10
2111 1.256579 36
2112 -3.507983 0
2113 5.816849 65
2114 6.958724 129
2115 7.217672 44
2116 9.255689 43
2117 8.183108 66
2118 11.740337 127
2119 9.425206 98
2120 11.210185 82
2121 11.317170 69
2122 -3.507983 0
2123 9.873450 0
2124 9.873450 0
2125 9.873450 0
2126 9.873450 0
2127 9.873450 0
2128 8.183218 0
2129 8.183218 0
2130 8.183218 0
2131 -1.229132 0
2132 8.846200 82
2133 6.873404 102
2134 7.198829 107
2135 6.704580 69
2136 -1.229132 0
2137 -1.229132 0
2138 -1.229132 0
2139 -1.229132 0
2140 -1.229132 0
2141 -1.229132 0
2142 -1.229132 0
2143 -1.229132 0
2144 -2.421926 0
2145 3.670957 65
2146 5.974103 239
2147 -2.421926 0
2148 5.841103 289
2149 5.266666 292
2150 5.974103 337
2151 5.141889 378
2152 5.640165 308
2153 5.766082 365
2154 5.330203 268
2155 7.523528 311
2156 7.968465 81
2157 6.827051 1
2158 7.785674 99
2159 6.827051 23
2160 -4.176748 0
2161 2.157806 139
2162 -0.803419 6
2163 -4.176748 0
2164 1.420847 129
2165 0.952219 190
2166 -0.803419 190
2167 -0.402803 92
2168 1.281083 0
2169 1.281083 0
2170 1.281083 0
2171 1.281083 0
2172 1.281083 0
2173 2.625275 245
2174 -1.286911 46
2175 1.674969 251
2176 0.000000 0
2177 0.000000 0
2178 0.000000 0
2179 0.000000 0
2180 0.000000 0
2181 0.000000 0
2182 0.000000 0
2183 0.000000 0
2184 0.000000 0
2185 0.000000 0
2186 0.000000 0
2187 0.000000 0
2188 0.000000 0
2189 0.000000 0
2190 0.000000 0
2191 0.000000 0
2192 0.000000 0
2193 0.000000 0
2194 0.000000 0
2195 0.000000 0
2196 0.000000 0
2197 0.000000 0
2198 0.000000 0
2199 0.000000 0
2200 0.000000 0
2201 0.000000 0
2202 0.000000 0
2203 0.000000 0
2204 0.000000 0
2205 0.000000 0
2206 0.000000 0
2207 0.000000 0
2208 -2.961121 0
2209 4.583741 206
2210 5.331924 133
2211 4.725773 63
2212 8.687207 97
2213 5.615896 32
2214 5.313609 50
2215 5.337579 48
2216 6.269126 38
2217 5.993908 65
2218 4.066569 114
2219 5.454820 21
2220 5.590944 224
2221 -2.961121 0
2222 3.982961 610
2223 8.235290 240
2224 3.756464 72
2225 3.270069 31
2226 3.270069 34
2227 -3.822258 0
2228 5.015035 76
2229 2.123014 42
2230 3.460107 102
2231 3.501921 98
2232 1.405411 0
2233 1.401341 104
2234 2.773817 154
2235 2.505540 296
2236 1.282177 157
2237 0.512907 101
2238 1.852348 115
2239 -3.822258 0
2240 -5.671509 30
2241 -5.929328 349
2242 -3.953014 428
2243 -4.567689 0
2244 -5.189105 445
2245 -4.548810 687
2246 -4.421975 486
2247 -4.184482 240
2248 -4.821788 114
2249 -7.657747 122
2250 -7.129840 65
2251 -6.777787 154
2252 -5.930552 69
2253 -5.752764 24
2254 -4.567689 0
2255 -2.915423 76
2256 -5.216378 8
2257 -5.261640 189
2258 -2.464824 125
2259 -3.346213 0
2260 -5.000186 137
2261 -5.790721 358
2262 -7.177348 433
2263 -5.785932 293
2264 -5.550530 179
2265 -8.477883 85
2266 -6.919722 33
2267 -6.319592 36
2268 -6.919722 16
2269 -4.405420 46
2270 -6.919722 32
2271 -3.346213 0
2272 -10.692421 274
2273 -9.848145 513
2274 -6.013845 409
2275 -7.376133 0
2276 -7.946331 288
2277 -6.600603 482
2278 -6.886913 427
2279 -3.743294 0
2280 -6.049734 153
2281 -6.135004 221
2282 -6.181497 349
2283 -3.743294 0
2284 -3.158537 221
2285 -7.092520 119
2286 -7.103369 84
2287 -6.135004 0
2288 -9.641808 24
2289 -9.641808 34
2290 -9.641808 17
2291 -9.641808 21
2292 -9.641808 12
2293 -9.669413 258
2294 -10.067794 121
2295 -9.555695 127
2296 -12.367234 7
2297 -12.367234 9
2298 -9.382502 75
2299 -11.344562 106
2300 -2.972673 0
2301 -9.970133 73
2302 -13.149868 57
2303 -2.972673 0
2304 -4.267052 8
2305 -4.267052 64
2306 -4.788913 163
2307 -2.235511 0
2308 -5.136482 157
2309 -6.013728 154
2310 -6.805298 157
2311 -6.173157 108
2312 -5.545879 56
2313 -8.022718 57
2314 -7.173558 86
2315 -6.670886 106
2316 -2.235511 0
2317 -6.241724 70
2318 -8.005991 40
2319 -4.434667 70
2320 -0.787496 0
2321 -6.642895 2
2322 -6.642895 3
2323 -6.642895 3
2324 -6.642895 12
2325 -6.642895 24
2326 -6.642895 11
2327 -6.570218 50
2328 -4.944850 36
2329 -6.835487 43
2330 -4.903027 30
2331 -6.672013 37
2332 -4.903027 28
2333 -7.345100 72
2334 -0.787496 0
2335 -3.469104 66
2336 -0.436363 10
2337 -1.449474 225
2338 -2.327714 160
2339 -1.163239 0
2340 0.444765 331
2341 -1.315685 256
2342 -2.381956 422
2343 -0.865496 394
2344 -0.043861 198
2345 -1.664475 211
2346 -0.482432 166
2347 0.537540 265
2348 -1.163239 0
2349 1.930949 445
2350 0.914263 470
2351 5.287239 473
2352 6.992844 2
2353 7.675049 257
2354 6.440224 255
2355 -0.870746 0
2356 7.224591 236
2357 5.558331 324
2358 7.669529 126
2359 7.184081 76
2360 7.289409 86
2361 8.081603 34
2362 5.649908 60
2363 8.337966 194
2364 10.795285 100
2365 6.109373 253
2366 5.371428 578
2367 -0.870746 0
2368 8.991193 453
2369 -1.410456 0
2370 5.525961 222
2371 0.535706 89
2372 0.097130 564
2373 -2.024898 363
2374 6.977264 327
2375 7.292970 160
2376 6.965494 105
2377 -1.519362 80
2378 -0.654899 38
2379 8.999781 80
2380 -1.474941 17
2381 -1.474941 0
2382 -1.474941 13
2383 -1.410456 0
2384 -0.675478 0
2385 2.154091 70
2386 0.423690 2
2387 1.649898 148
2388 2.252267 128
2389 0.122510 101
2390 -1.038143 83
2391 1.384430 95
2392 -1.262383 210
2393 -0.492381 206
2394 -0.415158 377
2395 -0.675478 0
2396 -0.492381 16
2397 -0.492381 34
2398 -0.492381 29
2399 6.246031 172
2400 8.374486 376
2401 7.729888 514
2402 4.790906 341
2403 5.858561 468
2404 5.422027 350
2405 -0.705491 0
2406 5.311781 795
2407 3.970544 934
2408 4.376673 1351
2409 -0.705491 0
2410 4.169947 2173
2411 5.106884 2528
2412 5.035854 2606
2413 4.861423 1476
2414 2.711899 341
2415 6.517684 640
2416 -1.953363 0
2417 1.935672 192
2418 1.723607 307
2419 2.262674 145
2420 0.421676 104
2421 2.269801 6
2422 -1.953363 0
2423 2.580990 126
2424 2.081541 93
2425 1.563971 144
2426 -0.107408 212
2427 1.647759 1252
2428 1.820539 427
2429 1.377643 92
2430 0.577319 27
2431 4.688931 69
2432 -0.711666 0
2433 0.239343 82
2434 -2.380669 135
2435 -0.711666 0
2436 0.397608 238
2437 -0.386983 262
2438 0.502007 704
2439 -0.569859 321
2440 -0.537585 229
2441 -0.847778 940
2442 -0.823648 1035
2443 -1.027113 72
2444 0.113120 393
2445 -0.836158 268
2446 0.183680 473
2447 3.120269 379
2448 -0.937636 0
2449 3.347094 76
2450 2.881901 70
2451 -0.937636 0
2452 5.051547 794
2453 4.555750 128
2454 4.975128 318
2455 4.572046 401
2456 5.667179 181
2457 0.617361 71
2458 4.816313 98
2459 5.715010 54
2460 2.411547 38
2461 4.289469 40
2462 3.988942 47
2463 3.680871 31
2464 0.000000 0
2465 0.000000 0
2466 0.000000 0
2467 0.000000 0
2468 0.000000 0
2469 0.000000 0
2470 0.000000 0
2471 0.000000 0
2472 0.000000 0
2473 0.000000 0
2474 0.000000 0
2475 0.000000 0
2476 0.000000 1
2477 0.000000 0
2478 0.000000 0
2479 0.000000 0
2480 0.000000 0
2481 0.000000 0
2482 0.000000 0
2483 0.000000 0
2484 0.000000 0
2485 0.000000 0
2486 0.000000 0
2487 0.000000 0
2488 0.000000 0
2489 0.000000 0
2490 0.000000 0
2491 0.000000 0
2492 0.000000 0
2493 0.000000 0
2494 0.000000 0
2495 0.000000 0
2496 0.000000 1
2497 0.000000 1
2498 0.000000 0
2499 0.000000 0
2500 0.000000 0
2501 0.000000 0
2502 0.000000 0
2503 0.000000 0
2504 0.000000 0
2505 0.000000 0
2506 0.000000 1
2507 0.000000 0
2508 0.000000 0
2509 0.000000 0
2510 0.000000 0
2511 0.000000 0
2512 0.000000 0
2513 0.000000 0
2514 0.000000 4
2515 0.000000 0
2516 0.000000 0
2517 0.000000 0
2518 0.000000 0
2519 0.000000 5
2520 0.000000 1
2521 0.000000 4
2522 0.000000 0
2523 0.000000 0
2524 0.000000 0
2525 0.000000 0
2526 0.000000 0
2527 0.000000 0
2528 0.000000 0
2529 0.000000 1
2530 0.000000 2
2531 0.000000 0
2532 0.000000 5
2533 0.000000 0
2534 0.000000 11
2535 0.000000 17
2536 0.000000 7
2537 0.000000 0
2538 0.000000 11
2539 0.000000 0
2540 0.000000 11
2541 0.000000 3
2542 0.000000 0
2543 0.000000 0
2544 0.000000 0
2545 0.000000 5
2546 0.000000 1
2547 0.000000 0
2548 0.000000 9
2549 0.000000 9
2550 0.000000 5
2551 0.000000 0
2552 0.000000 1
2553 0.000000 1
2554 0.000000 0
2555 0.000000 0
2556 0.000000 2
2557 0.000000 0
2558 0.000000 0
2559 0.000000 0
2560 1.290779 18
2561 1.710664 854
2562 1.995844 694
2563 1.430411 0
2564 1.290779 476
2565 0.959137 354
2566 -0.798885 904
2567 -1.262975 1285
2568 -1.772414 535
2569 -0.290628 405
2570 1.430411 0
2571 1.003017 555
2572 0.447517 527
2573 -0.368864 457
2574 -1.806157 668
2575 -0.125527 689
2576 1.815662 0
2577 -0.416635 0
2578 -0.895919 421
2579 -0.807803 939
2580 -0.945243 888
2581 -1.839678 943
2582 -3.171850 447
2583 -2.874184 594
2584 -2.965001 902
2585 -2.046881 1260
2586 -2.814470 1044
2587 -0.972524 1260
2588 0.124501 0
2589 -1.718505 1089
2590 -2.010505 1194
2591 1.815662 0
2592 1.125606 0
2593 -2.853408 1761
2594 -0.746467 2580
2595 -2.089893 54
2596 -1.106616 3059
2597 -0.961224 3576
2598 -1.039158 3101
2599 -0.334699 2292
2600 -1.830907 2014
2601 -1.306284 2671
2602 -2.033575 3118
2603 -1.744761 1951
2604 -1.993891 1327
2605 -4.533304 34
2606 -4.533304 0
2607 1.125606 0
2608 -1.538394 14
2609 -1.707201 1548
2610 -1.538394 20
2611 0.427290 0
2612 -2.348674 636
2613 -2.193280 717
2614 -2.086451 1117
2615 -1.744396 2503
2616 -2.615956 2240
2617 -3.794196 1070
2618 -3.854787 2600
2619 -3.029353 3077
2620 -2.616563 493
2621 0.427290 0
2622 -3.700689 524
2623 -4.256288 35
2624 2.510016 940
2625 1.331684 829
2626 1.402445 267
2627 3.153277 348
2628 1.853217 314
2629 1.683415 635
2630 1.349931 639
2631 2.493925 524
2632 0.777349 401
2633 2.111654 0
2634 0.428347 325
2635 2.198396 366
2636 2.111654 0
2637 1.251509 210
2638 -1.399762 60
2639 3.526489 83
2640 0.000000 10
2641 0.000000 6
2642 0.000000 6
2643 0.000000 0
2644 0.000000 4
2645 0.000000 0
2646 0.000000 0
2647 0.000000 0
2648 0.000000 0
2649 0.000000 0
2650 0.000000 0
2651 0.000000 0
2652 0.000000 0
2653 0.000000 0
2654 0.000000 0
2655 0.000000 0
2656 0.000000 0
2657 0.000000 0
2658 0.000000 0
2659 0.000000 0
2660 0.000000 0
2661 0.000000 0
2662 0.000000 0
2663 0.000000 0
2664 0.000000 0
2665 0.000000 0
2666 0.000000 0
2667 0.000000 0
2668 0.000000 0
2669 0.000000 0
2670 0.000000 0
2671 0.000000 0
2672 0.000000 0
2673 0.000000 0
2674 0.000000 0
2675 0.000000 0
2676 0.000000 0
2677 0.000000 0
2678 0.000000 0
2679 0.000000 0
2680 0.000000 0
2681 0.000000 0
2682 0.000000 0
2683 0.000000 0
2684 0.000000 0
2685 0.000000 0
2686 0.000000 0
2687 0.000000 0

[ECalTiming]
p0 14.828392
p1 0.810602
delta 31.692521

[TimeWalk]
p1_L1 14.297409
p1_L2 15.642601
totref_L1 12.000000
totref_L2 12.000000
totmin 5.000000
totmax 25.000000
