# CDet half-bar intercept alignment at common ECal time
# reference_ecal_time_ns 22
# common_within_slope_ns_per_ns -0.00117886
# detector_reference_ns 28.737
# layer half_bar entries mean_ecal_ns mean_cdet_ns projected_cdet_at_reference_ns intercept_error_ns valid proposed_offset_increment_ns
1 0 0 nan nan nan nan 0 0
1 1 0 nan nan nan nan 0 0
1 2 0 nan nan nan nan 0 0
1 3 13 24.2586 22.9131 22.9158 3.05425 0 0
1 4 265 25.195 28.7365 28.7403 0.208231 1 -0.00325717
1 5 126 24.5509 29.0213 29.0243 0.551929 1 -0.287292
1 6 403 22.7952 28.6006 28.6016 0.223549 1 0.135443
1 7 0 nan nan nan nan 0 0
1 8 957 23.7268 28.7683 28.7703 0.100386 1 -0.0332974
1 9 2325 23.7757 28.7347 28.7368 0.0530355 1 0.000234582
1 10 2063 22.8372 28.7145 28.7155 0.0564879 1 0.0215479
1 11 1249 24.0864 28.7649 28.7674 0.0723003 1 -0.03034
1 12 541 24.3454 28.8428 28.8456 0.130426 1 -0.108569
1 13 1544 24.4305 28.7459 28.7488 0.0798899 1 -0.0117417
1 14 1139 24.5122 28.7819 28.7849 0.0894115 1 -0.0478879
1 15 1506 23.5778 28.74 28.7419 0.0928746 1 -0.00485409
1 16 2385 23.1308 28.7361 28.7374 0.0608208 1 -0.000394265
1 17 1588 23.4146 28.7603 28.762 0.072165 1 -0.0249883
1 18 1290 23.0717 28.7683 28.7696 0.0890876 1 -0.0325756
1 19 779 22.9585 28.7309 28.732 0.117148 1 0.00500107
1 20 975 22.4857 28.737 28.7376 0.0952666 1 -0.000537527
1 21 3335 22.2363 28.735 28.7353 0.0439771 1 0.00173803
1 22 87 23.0608 30.187 30.1883 0.414875 0 0
1 23 1384 21.8269 28.736 28.7358 0.097358 1 0.00121348
1 24 0 nan nan nan nan 0 0
1 25 4993 21.9521 28.7413 28.7412 0.0493656 1 -0.00421051
1 26 10146 21.8657 28.7565 28.7563 0.0277716 1 -0.0192846
1 27 9356 22.0402 28.7396 28.7397 0.0288751 1 -0.0026796
1 28 8162 21.5821 28.7369 28.7364 0.0300626 1 0.000651629
1 29 9631 20.6799 28.7362 28.7346 0.0337772 1 0.00238273
1 30 18715 21.0091 28.7403 28.7392 0.0171706 1 -0.00215088
1 31 1662 20.2556 28.6971 28.695 0.0930663 1 0.0420048
1 32 5827 19.6836 28.7175 28.7148 0.0343088 1 0.0222045
1 33 7124 19.7501 28.7275 28.7249 0.032472 1 0.0121433
1 34 6010 21.6434 28.7279 28.7274 0.0461334 1 0.00956768
1 35 2999 23.7012 28.7809 28.7829 0.0761728 1 -0.0459254
1 36 4651 20.7133 28.7399 28.7384 0.0383992 1 -0.00141652
1 37 3981 19.0211 28.7371 28.7336 0.0503564 1 0.00342045
1 38 186 18.4455 28.4016 28.3974 0.58842 1 0.339612
1 39 1 20.986 30.9034 30.9022 nan 0 0
1 40 0 nan nan nan nan 0 0
1 41 0 nan nan nan nan 0 0
1 42 0 nan nan nan nan 0 0
1 43 0 nan nan nan nan 0 0
1 44 1 25.4577 28.5738 28.5779 nan 0 0
1 45 103 26.3122 28.2036 28.2087 0.425579 1 0.528326
1 46 656 25.7275 28.7582 28.7626 0.110987 1 -0.025561
1 47 348 25.3839 28.7512 28.7552 0.244647 1 -0.0181381
1 48 517 25.4785 28.7281 28.7322 0.174951 1 0.0048098
1 49 191 24.243 28.6664 28.669 0.292797 1 0.0679786
1 50 2724 24.4241 28.7136 28.7164 0.0702128 1 0.0205813
1 51 357 24.7605 28.7362 28.7394 0.184849 1 -0.00240289
1 52 574 25.7426 28.7386 28.743 0.140188 1 -0.00596465
1 53 30 24.9704 25.7649 25.7684 0.860039 0 0
1 54 1459 24.7331 28.7355 28.7388 0.0741883 1 -0.00173764
1 55 1221 25.4588 28.7856 28.7897 0.107109 1 -0.0526847
1 56 2591 26.0508 28.7695 28.7742 0.0664779 1 -0.0372191
1 57 2049 25.5643 28.6921 28.6963 0.0921361 1 0.0407629
1 58 3051 26.0634 28.7364 28.7412 0.0555751 1 -0.00416336
1 59 862 25.1728 28.6878 28.6915 0.14388 1 0.0454913
1 60 1171 24.9288 28.7538 28.7572 0.105348 1 -0.0202289
1 61 147 23.7678 28.9027 28.9048 0.233249 1 -0.167816
1 62 3369 23.1236 28.7412 28.7425 0.0780487 1 -0.00551027
1 63 2693 23.7699 28.8593 28.8614 0.131345 1 -0.124376
1 64 1283 24.4185 29.1383 29.1412 0.152402 1 -0.404168
1 65 1680 22.5607 28.646 28.6467 0.108764 1 0.0903197
1 66 11542 22.989 28.7457 28.7469 0.0371148 1 -0.0098676
1 67 2129 23.0983 28.7446 28.7459 0.0718458 1 -0.00883882
1 68 5898 22.4623 28.7483 28.7488 0.0431907 1 -0.0118207
1 69 1032 22.625 28.7372 28.738 0.103543 1 -0.00095224
1 70 0 nan nan nan nan 0 0
1 71 6 22.4361 30.8224 30.8229 4.46424 0 0
1 72 4 22.4465 34.5302 34.5308 5.92595 0 0
1 73 18 20.4089 29.2575 29.2556 1.86126 0 0
1 74 59 20.4711 30.1645 30.1627 0.558254 0 0
1 75 1981 20.7994 28.7317 28.7303 0.0718915 1 0.00674224
1 76 8240 20.7166 28.7264 28.7249 0.0307188 1 0.0121009
1 77 14231 20.4918 28.7262 28.7244 0.021377 1 0.0125917
1 78 10911 19.9828 28.7271 28.7248 0.0238208 1 0.0122618
1 79 14704 22.2004 28.7371 28.7373 0.0184934 1 -0.000286408
1 80 2135 21.322 28.688 28.6872 0.0713417 1 0.0497852
1 81 0 nan nan nan nan 0 0
1 82 0 nan nan nan nan 0 0
1 83 0 nan nan nan nan 0 0
2 0 0 nan nan nan nan 0 0
2 1 0 nan nan nan nan 0 0
2 2 2 26.753 26.8971 26.9027 0.487494 0 0
2 3 21 25.9216 24.3778 24.3824 1.65433 0 0
2 4 305 24.9705 28.7801 28.7836 0.191018 1 -0.0465378
2 5 75 24.6296 29.7311 29.7342 0.488783 0 0
2 6 397 22.8108 28.812 28.8129 0.148485 1 -0.075917
2 7 99 23.7661 30.7148 30.7169 0.241135 0 0
2 8 982 23.6446 28.7518 28.7538 0.107061 1 -0.0167383
2 9 2402 23.7824 28.7776 28.7797 0.04981 1 -0.0426545
2 10 1903 22.7697 28.7301 28.731 0.0641238 1 0.00601267
2 11 1527 24.2419 28.753 28.7557 0.0643619 1 -0.0186733
2 12 218 23.7501 28.7507 28.7528 0.219954 1 -0.0157578
2 13 1601 24.4462 28.7437 28.7466 0.0721009 1 -0.00961683
2 14 1212 24.574 28.7394 28.7424 0.100493 1 -0.00542755
2 15 1470 23.4505 28.7123 28.714 0.0894621 1 0.0230449
2 16 2372 23.1373 28.7361 28.7374 0.052435 1 -0.000402367
2 17 1577 23.3579 28.7542 28.7558 0.0750031 1 -0.0188131
2 18 1226 23.0796 28.7357 28.737 0.0876449 1 2.10607e-06
2 19 753 23.0105 28.7405 28.7417 0.107309 1 -0.00469178
2 20 983 22.5013 28.5466 28.5472 0.158379 1 0.189802
2 21 3387 22.2353 28.7387 28.739 0.042288 1 -0.00200971
2 22 4 22.3994 31.1077 31.1081 6.10904 0 0
2 23 1025 22.2738 28.7308 28.7311 0.117275 1 0.00589432
2 24 464 21.1108 28.7721 28.7711 0.18263 1 -0.0340534
2 25 2389 22.0864 28.737 28.7371 0.0545437 1 -5.49813e-05
2 26 5033 21.9054 28.7064 28.7062 0.0396437 1 0.0307756
2 27 16758 21.9338 28.7339 28.7338 0.0181468 1 0.00317406
2 28 8333 21.6193 28.7369 28.7365 0.0274445 1 0.000534595
2 29 8517 20.5986 28.7255 28.7239 0.0272784 1 0.0131189
2 30 19221 21.0139 28.7344 28.7332 0.0165467 1 0.00381472
2 31 1198 21.0584 28.7354 28.7343 0.107628 1 0.00270809
2 32 5830 19.784 28.7284 28.7257 0.0350682 1 0.0112728
2 33 6067 19.5169 28.7221 28.7191 0.0312242 1 0.017871
2 34 7020 21.0017 28.845 28.8438 0.0442674 1 -0.106773
2 35 3737 23.565 28.7535 28.7553 0.0643253 1 -0.0182992
2 36 3687 21.2458 28.7289 28.728 0.0444929 1 0.00904004
2 37 4514 19.4442 28.7299 28.7269 0.043935 1 0.0101108
2 38 1074 18.4317 28.6476 28.6433 0.121153 1 0.0936688
2 39 15 19.5503 38.035 38.0321 0.834057 0 0
2 40 0 nan nan nan nan 0 0
2 41 0 nan nan nan nan 0 0
2 42 0 nan nan nan nan 0 0
2 43 0 nan nan nan nan 0 0
2 44 1 25.5259 26.9872 26.9913 nan 0 0
2 45 760 25.8013 28.7342 28.7387 0.0992747 1 -0.00169986
2 46 0 nan nan nan nan 0 0
2 47 389 25.2987 28.6915 28.6954 0.204352 1 0.0416436
2 48 489 25.547 28.8182 28.8223 0.193873 1 -0.085321
2 49 223 24.0303 28.7911 28.7935 0.249201 1 -0.0564386
2 50 2670 24.4601 28.7363 28.7392 0.0534976 1 -0.00220062
2 51 938 25.3079 28.7744 28.7783 0.110715 1 -0.0412627
2 52 0 nan nan nan nan 0 0
2 53 0 nan nan nan nan 0 0
2 54 1533 24.7659 28.7411 28.7443 0.070242 1 -0.00730783
2 55 1230 25.4357 28.7849 28.7889 0.0961373 1 -0.0518972
2 56 2765 26.0657 28.7447 28.7494 0.0475407 1 -0.0124274
2 57 1812 25.4897 28.7331 28.7372 0.0695212 1 -0.000166851
2 58 3126 26.0774 28.7446 28.7494 0.0491443 1 -0.0123633
2 59 854 25.1159 28.7481 28.7518 0.0866262 1 -0.0147462
2 60 1108 24.9084 28.7121 28.7155 0.0901509 1 0.0214666
2 61 274 23.4725 28.8193 28.821 0.183882 1 -0.0839781
2 62 3296 23.1269 28.7421 28.7435 0.0588129 1 -0.00645517
2 63 1937 23.5892 28.7313 28.7332 0.0750584 1 0.00381383
2 64 1944 24.4325 28.5871 28.5899 0.11144 1 0.147097
2 65 1384 22.3143 28.7658 28.7661 0.089794 1 -0.0291094
2 66 11390 22.9995 28.7078 28.709 0.0289737 1 0.0280326
2 67 2580 23.104 28.7457 28.747 0.0610634 1 -0.0099465
2 68 5047 22.4376 28.7427 28.7433 0.0442443 1 -0.00624528
2 69 1932 22.6135 28.751 28.7518 0.0723377 1 -0.0147522
2 70 1 18.8616 36.5199 36.5162 nan 0 0
2 71 0 nan nan nan nan 0 0
2 72 2 24.3048 39.1982 39.2009 2.78263 0 0
2 73 9 20.4689 31.2055 31.2036 4.92154 0 0
2 74 47 20.3079 33.4107 33.4087 1.35733 0 0
2 75 24 21.8543 35.1261 35.1259 1.27763 0 0
2 76 7332 20.8042 28.7408 28.7394 0.0339973 1 -0.0023376
2 77 10201 20.7908 28.7242 28.7227 0.0241059 1 0.0142787
2 78 15818 19.9297 28.7193 28.7169 0.0246614 1 0.0201559
2 79 14446 22.0242 28.7401 28.7402 0.0184744 1 -0.0031367
2 80 4394 21.6735 28.7213 28.7209 0.0454366 1 0.0160829
2 81 11 20.7004 31.6482 31.6467 1.04917 0 0
2 82 0 nan nan nan nan 0 0
2 83 0 nan nan nan nan 0 0
