# DIAGNOSTIC hierarchical eight-pixel-group CDet calibration candidate
# run 5710
# calibration_stage 7
# detector_reference_median_ns -8.43858

[PixelOffsets]
0 0.000000 0
1 0.000000 0
2 0.000000 0
3 0.000000 0
4 0.000000 0
5 0.000000 0
6 0.000000 0
7 0.000000 0
8 0.000000 0
9 0.000000 0
10 0.000000 0
11 0.000000 0
12 0.000000 0
13 0.000000 0
14 0.000000 0
15 0.000000 0
16 0.000000 0
17 0.000000 0
18 0.000000 0
19 0.000000 0
20 0.000000 0
21 0.000000 0
22 0.000000 0
23 0.000000 0
24 0.000000 0
25 0.000000 0
26 0.000000 0
27 0.000000 0
28 0.000000 0
29 0.000000 0
30 0.000000 0
31 0.000000 0
32 0.000000 0
33 0.000000 0
34 0.000000 0
35 0.000000 0
36 0.000000 0
37 0.000000 0
38 0.000000 0
39 0.000000 0
40 0.000000 0
41 0.000000 0
42 0.000000 0
43 0.000000 0
44 0.000000 0
45 0.000000 0
46 0.000000 0
47 0.000000 0
48 0.000000 1
49 0.000000 0
50 0.000000 0
51 0.000000 0
52 0.000000 0
53 0.000000 0
54 0.000000 0
55 0.000000 1
56 0.000000 0
57 0.000000 0
58 0.000000 1
59 0.000000 0
60 0.000000 0
61 0.000000 0
62 0.000000 2
63 0.000000 8
64 0.000000 1
65 0.000000 0
66 0.000000 3
67 0.000000 3
68 0.000000 3
69 0.000000 3
70 0.000000 2
71 0.000000 6
72 0.000000 10
73 0.000000 20
74 0.000000 26
75 0.000000 25
76 0.000000 22
77 0.000000 12
78 0.000000 21
79 0.000000 0
80 0.000000 5
81 0.000000 7
82 0.000000 26
83 0.000000 0
84 0.000000 5
85 0.000000 3
86 0.000000 3
87 0.000000 21
88 0.000000 2
89 0.000000 0
90 0.000000 0
91 0.000000 2
92 0.000000 0
93 0.000000 0
94 0.000000 0
95 0.000000 0
96 0.000000 1
97 0.000000 0
98 0.000000 0
99 0.000000 0
100 0.000000 3
101 0.000000 35
102 0.000000 4
103 0.000000 6
104 0.000000 4
105 0.000000 29
106 0.000000 39
107 0.000000 13
108 0.000000 20
109 0.000000 0
110 0.000000 40
111 0.000000 0
112 0.000000 0
113 0.000000 0
114 0.000000 0
115 0.000000 0
116 0.000000 0
117 0.000000 0
118 0.000000 0
119 0.000000 0
120 0.000000 0
121 0.000000 0
122 0.000000 0
123 0.000000 0
124 0.000000 0
125 0.000000 0
126 0.000000 0
127 0.000000 0
128 0.000000 8
129 0.000000 41
130 0.000000 25
131 0.000000 12
132 0.000000 37
133 0.000000 40
134 0.000000 39
135 0.000000 61
136 8.274231 168
137 6.677742 134
138 7.532541 113
139 8.119785 173
140 0.000000 0
141 6.790935 149
142 0.240598 10
143 0.000000 0
144 0.000000 56
145 0.000000 0
146 0.000000 15
147 0.000000 0
148 0.000000 47
149 0.000000 33
150 0.000000 23
151 0.000000 20
152 0.294353 68
153 7.112821 217
154 7.841942 524
155 6.470409 520
156 0.000000 0
157 0.294353 59
158 8.444365 606
159 8.094820 550
160 7.769394 278
161 -0.180291 0
162 0.690927 150
163 3.599699 211
164 2.809585 178
165 -0.180291 60
166 -0.180291 35
167 1.475195 191
168 2.780999 177
169 4.147614 413
170 1.888916 371
171 2.627355 113
172 0.000000 0
173 -0.395539 25
174 2.212135 305
175 0.000000 0
176 0.000000 0
177 0.758837 19
178 0.758837 35
179 0.758837 45
180 0.758837 119
181 0.758837 16
182 2.042464 136
183 6.547493 389
184 6.153831 501
185 0.000000 16
186 0.000000 40
187 0.000000 33
188 0.000000 0
189 0.000000 95
190 0.000000 12
191 0.000000 24
192 12.361421 363
193 0.000000 20
194 0.000000 12
195 0.000000 0
196 0.000000 38
197 0.000000 37
198 0.000000 63
199 0.000000 0
200 0.000000 2
201 0.000000 8
202 0.000000 7
203 0.000000 0
204 0.000000 0
205 0.000000 8
206 0.000000 6
207 0.000000 9
208 0.796803 36
209 8.258269 235
210 7.951874 324
211 5.391936 268
212 4.483736 129
213 0.000000 0
214 3.901890 287
215 4.321713 296
216 0.000000 59
217 0.000000 97
218 0.000000 24
219 0.000000 20
220 0.000000 0
221 0.000000 30
222 0.000000 19
223 0.000000 0
224 0.000000 36
225 0.000000 14
226 0.000000 32
227 0.000000 50
228 0.000000 52
229 0.000000 50
230 0.000000 51
231 0.000000 55
232 1.055677 91
233 7.224313 182
234 7.203266 222
235 6.956834 177
236 0.000000 0
237 4.340179 211
238 1.055677 112
239 0.000000 0
240 1.804110 23
241 1.804110 19
242 8.021044 128
243 1.804110 7
244 0.000000 0
245 1.804110 8
246 1.804110 90
247 5.693843 163
248 -0.029193 93
249 4.759752 408
250 6.030147 518
251 -0.029193 29
252 2.860666 158
253 4.497970 161
254 -0.029193 79
255 0.000000 0
256 0.622122 8
257 0.622122 123
258 6.670210 182
259 8.275467 312
260 0.622122 14
261 4.588070 199
262 3.839972 309
263 5.378686 241
264 2.458278 129
265 5.655863 468
266 4.465531 483
267 6.005503 273
268 0.000000 0
269 0.334381 88
270 0.334381 55
271 0.000000 0
272 -0.538060 75
273 4.184700 296
274 -0.538060 78
275 4.412504 170
276 7.425635 109
277 -0.538060 34
278 -0.538060 48
279 -0.538060 3
280 6.614403 349
281 4.010219 224
282 5.498629 297
283 -0.088356 1
284 0.000000 0
285 -0.088356 48
286 5.533879 123
287 0.000000 0
288 8.212631 144
289 3.373062 119
290 4.921172 165
291 1.734933 85
292 1.734933 38
293 1.734933 105
294 1.734933 29
295 1.734933 47
296 2.786071 119
297 4.112163 177
298 4.838253 211
299 5.363413 105
300 0.000000 0
301 0.727134 81
302 0.727134 38
303 0.000000 0
304 0.254261 38
305 5.838344 151
306 0.254261 92
307 0.000000 0
308 5.814204 114
309 6.041070 195
310 6.527913 210
311 7.123518 127
312 0.000000 26
313 0.000000 9
314 0.000000 4
315 0.000000 0
316 0.000000 0
317 0.000000 0
318 0.000000 0
319 0.000000 0
320 0.000000 0
321 0.000000 6
322 0.000000 10
323 0.000000 4
324 0.000000 10
325 0.000000 28
326 0.000000 45
327 0.000000 86
328 -0.006367 93
329 -0.006367 85
330 7.460613 247
331 -0.006367 40
332 0.000000 0
333 8.122271 363
334 7.824214 270
335 0.000000 0
336 7.660089 285
337 3.224122 474
338 4.210458 403
339 0.000000 0
340 4.206528 459
341 0.491044 414
342 2.557405 219
343 3.111608 280
344 2.174600 160
345 1.948007 200
346 3.623866 334
347 4.267740 348
348 5.621358 324
349 2.721883 220
350 0.249323 108
351 0.000000 0
352 0.000000 36
353 0.000000 28
354 0.000000 0
355 0.000000 2
356 0.000000 9
357 0.000000 7
358 0.000000 6
359 0.000000 3
360 0.000000 4
361 0.000000 4
362 0.000000 1
363 0.000000 3
364 0.000000 0
365 0.000000 5
366 0.000000 5
367 0.000000 51
368 0.000000 21
369 0.000000 4
370 0.000000 104
371 0.000000 0
372 0.000000 68
373 0.000000 37
374 0.000000 56
375 0.000000 70
376 -1.948863 201
377 -2.933947 134
378 -1.262519 104
379 -1.479413 187
380 -1.048088 160
381 0.000000 0
382 -2.322962 139
383 -0.194734 508
384 0.000000 0
385 0.000000 0
386 0.000000 0
387 0.000000 0
388 0.000000 0
389 0.000000 0
390 0.000000 0
391 0.000000 0
392 0.000000 0
393 0.000000 0
394 0.000000 0
395 0.000000 0
396 0.000000 0
397 0.000000 0
398 0.000000 0
399 0.000000 0
400 3.833275 0
401 0.000000 0
402 3.833275 0
403 3.833275 0
404 3.833275 0
405 3.833275 425
406 -0.112685 190
407 3.833275 158
408 -0.181780 266
409 -3.715324 517
410 0.000000 0
411 -3.044916 711
412 -0.181780 100
413 -6.248873 1111
414 -6.698514 1150
415 -6.929452 1406
416 -0.005456 0
417 -6.078169 969
418 -0.005456 0
419 0.000000 0
420 -0.005456 0
421 -0.005456 19
422 2.882966 151
423 0.000000 0
424 0.064105 34
425 0.064105 0
426 0.064105 0
427 0.064105 0
428 1.592318 116
429 0.835191 2723
430 4.333118 5345
431 2.276275 3215
432 7.205288 1641
433 4.596865 1536
434 3.623718 906
435 0.000000 0
436 0.000000 0
437 3.550487 701
438 4.573734 2635
439 4.265187 1962
440 3.615745 1546
441 2.222112 114
442 0.222112 41
443 2.962574 910
444 2.443832 1139
445 0.222112 48
446 1.258341 159
447 1.459789 511
448 0.034988 91
449 -2.731210 686
450 0.034988 48
451 0.000000 0
452 -1.385972 1848
453 -4.899176 953
454 -2.078515 856
455 -3.888028 592
456 -3.888938 1797
457 -2.498098 1710
458 -4.466478 868
459 -4.611863 503
460 -4.204602 190
461 0.000000 0
462 -6.630187 191
463 -0.421594 0
464 4.814380 0
465 0.000000 0
466 4.814380 0
467 11.041438 1316
468 3.524882 645
469 6.814380 605
470 6.814380 597
471 7.685249 2821
472 -1.572281 1902
473 -5.190585 1377
474 -4.571290 637
475 -3.637911 190
476 -5.066727 182
477 -5.270651 377
478 -5.263532 1028
479 0.000000 0
480 0.000000 0
481 -2.478394 719
482 1.451596 335
483 0.000000 0
484 -0.054488 54
485 -1.666073 2826
486 -1.355259 2737
487 -1.906048 2570
488 -1.300086 3326
489 -3.065443 3137
490 0.686120 2841
491 0.770516 2119
492 -3.377613 267
493 -3.218945 229
494 -2.769382 588
495 -0.394365 23
496 0.000000 94
497 0.000000 51
498 0.000000 39
499 0.000000 65
500 0.000000 19
501 0.000000 5
502 0.000000 3
503 0.000000 11
504 -4.380568 252
505 -0.431072 86
506 -5.814988 870
507 -0.431072 22
508 0.000000 0
509 -0.431072 48
510 -5.757595 474
511 0.000000 0
512 0.000000 0
513 -9.787502 405
514 -1.299180 109
515 0.000000 0
516 -9.927503 149
517 -13.042559 481
518 -11.510460 742
519 -12.535675 1057
520 -10.293948 1186
521 -10.656683 1251
522 -8.861769 446
523 -10.567917 279
524 -10.767998 401
525 -11.787107 510
526 -11.414344 905
527 -0.715686 29
528 4.313350 1449
529 -4.360244 1667
530 -3.501512 1704
531 -2.503336 120
532 -2.335010 322
533 -2.262961 483
534 -2.918109 515
535 -2.000676 336
536 -1.437713 140
537 -4.233062 173
538 -2.073924 985
539 -1.006503 387
540 0.000000 0
541 1.928563 237
542 2.589327 194
543 0.000000 0
544 7.350041 267
545 5.605647 931
546 0.000000 0
547 3.484019 1111
548 2.349881 498
549 -0.542358 362
550 0.556404 584
551 1.946510 672
552 1.650524 261
553 1.484507 193
554 0.889104 345
555 1.396658 202
556 -0.087674 30
557 1.067594 303
558 4.434012 461
559 0.000000 0
560 0.645335 28
561 1.953937 562
562 2.584413 453
563 0.000000 0
564 4.217146 599
565 0.645335 127
566 -0.445729 121
567 4.337471 632
568 0.873255 37
569 1.757597 131
570 3.568771 191
571 -0.357976 328
572 3.115062 158
573 0.000000 0
574 -1.038887 119
575 0.873255 0
576 0.000000 0
577 0.772062 384
578 0.231644 0
579 0.231644 83
580 -0.283514 197
581 -0.385519 403
582 1.487619 687
583 1.140605 562
584 0.163008 668
585 0.820936 689
586 -0.097485 591
587 1.252506 401
588 0.051160 102
589 0.000000 0
590 -0.118150 20
591 1.088767 878
592 -1.737464 410
593 -5.818842 135
594 -8.275929 394
595 -0.434420 21
596 0.000000 0
597 -7.757954 791
598 -5.590489 512
599 -4.877691 373
600 -6.128940 420
601 -5.898002 432
602 -4.439565 259
603 -5.048532 183
604 -4.427896 268
605 0.000000 0
606 -1.738094 115
607 -7.835958 117
608 0.000000 65
609 0.000000 0
610 0.000000 0
611 0.000000 19
612 0.000000 52
613 0.000000 12
614 0.000000 7
615 0.000000 5
616 0.000000 18
617 0.000000 28
618 0.000000 15
619 0.000000 4
620 0.000000 2
621 0.000000 0
622 0.000000 0
623 0.000000 0
624 0.000000 2
625 0.000000 0
626 0.000000 0
627 0.000000 0
628 0.000000 0
629 0.000000 0
630 0.000000 0
631 0.000000 0
632 0.000000 0
633 0.000000 0
634 0.000000 0
635 0.000000 0
636 0.000000 0
637 0.000000 0
638 0.000000 0
639 0.000000 0
640 0.000000 0
641 0.000000 0
642 0.000000 0
643 0.000000 0
644 0.000000 0
645 0.000000 0
646 0.000000 0
647 0.000000 0
648 0.000000 0
649 0.000000 0
650 0.000000 0
651 0.000000 0
652 0.000000 0
653 0.000000 0
654 0.000000 0
655 0.000000 0
656 0.000000 0
657 0.000000 0
658 0.000000 0
659 0.000000 0
660 0.000000 0
661 0.000000 0
662 0.000000 0
663 0.000000 0
664 0.000000 0
665 0.000000 0
666 0.000000 0
667 0.000000 0
668 0.000000 0
669 0.000000 0
670 0.000000 0
671 0.000000 0
672 0.000000 0
673 0.000000 0
674 0.000000 0
675 0.000000 0
676 0.000000 0
677 0.000000 0
678 0.000000 0
679 0.000000 0
680 0.000000 0
681 0.000000 0
682 0.000000 0
683 0.000000 0
684 0.000000 0
685 0.000000 0
686 0.000000 0
687 0.000000 0
688 0.000000 0
689 0.000000 0
690 0.000000 0
691 0.000000 0
692 0.000000 0
693 0.000000 0
694 0.000000 0
695 0.000000 0
696 0.000000 0
697 0.000000 0
698 0.000000 0
699 0.000000 0
700 0.000000 0
701 0.000000 0
702 0.000000 0
703 0.000000 0
704 0.000000 0
705 0.000000 0
706 0.000000 0
707 0.000000 0
708 0.000000 0
709 0.000000 0
710 0.000000 0
711 0.000000 0
712 0.000000 0
713 0.000000 1
714 0.000000 1
715 0.000000 0
716 0.000000 0
717 0.000000 0
718 0.000000 2
719 0.000000 0
720 0.000000 0
721 0.000000 0
722 0.000000 0
723 0.000000 0
724 0.000000 0
725 0.000000 0
726 0.000000 0
727 0.000000 14
728 0.000000 0
729 0.000000 0
730 0.000000 0
731 0.000000 4
732 0.000000 24
733 0.000000 6
734 0.000000 18
735 0.000000 6
736 0.534191 0
737 5.671495 392
738 0.000000 0
739 0.534191 50
740 0.534191 91
741 6.718116 178
742 0.534191 7
743 0.534191 16
744 0.000000 3
745 0.000000 4
746 0.000000 5
747 0.000000 1
748 0.000000 0
749 0.000000 1
750 0.000000 0
751 0.000000 5
752 0.000000 0
753 0.000000 0
754 0.000000 0
755 0.000000 1
756 0.000000 4
757 0.000000 6
758 0.000000 6
759 0.000000 3
760 0.000000 27
761 0.000000 24
762 0.000000 34
763 0.000000 26
764 0.000000 30
765 0.000000 53
766 0.000000 0
767 0.000000 16
768 0.000000 19
769 0.000000 0
770 0.000000 2
771 0.000000 24
772 0.000000 0
773 9.521786 118
774 0.000000 42
775 0.000000 3
776 0.000000 1
777 0.000000 0
778 0.000000 52
779 0.000000 16
780 0.000000 0
781 0.000000 3
782 0.000000 1
783 0.000000 5
784 0.000000 0
785 0.000000 2
786 0.000000 3
787 0.000000 1
788 0.000000 3
789 0.000000 0
790 0.000000 2
791 0.000000 0
792 0.000000 3
793 0.000000 22
794 0.000000 4
795 0.000000 11
796 0.000000 3
797 0.000000 4
798 0.000000 5
799 0.000000 1
800 0.000000 0
801 0.723378 12
802 -6.757271 1411
803 0.723378 0
804 2.453142 109
805 2.939791 189
806 3.307192 225
807 3.180882 293
808 2.583568 236
809 2.256967 385
810 3.028935 327
811 2.225537 265
812 0.000000 0
813 0.316652 4
814 3.853520 301
815 0.316652 34
816 0.000000 34
817 0.000000 0
818 0.000000 0
819 0.000000 24
820 0.000000 37
821 0.000000 8
822 0.000000 101
823 0.000000 0
824 0.000000 0
825 0.000000 0
826 0.000000 0
827 0.000000 0
828 0.000000 0
829 0.000000 1
830 0.000000 0
831 0.000000 0
832 6.291278 335
833 5.137239 268
834 0.316311 28
835 0.316311 46
836 0.316311 18
837 0.316311 34
838 0.316311 39
839 0.316311 0
840 0.000000 7
841 0.000000 3
842 0.000000 3
843 0.000000 9
844 0.000000 0
845 0.000000 5
846 0.000000 1
847 0.000000 0
848 0.000000 5
849 0.000000 1
850 0.000000 0
851 0.000000 1
852 0.000000 2
853 0.000000 1
854 0.000000 2
855 0.000000 7
856 0.000000 2
857 0.000000 2
858 0.000000 6
859 0.000000 2
860 0.000000 0
861 0.000000 0
862 0.000000 3
863 0.000000 30
864 0.000000 34
865 12.808232 207
866 0.000000 41
867 0.000000 0
868 0.000000 0
869 0.000000 29
870 0.000000 46
871 0.000000 11
872 0.000000 3
873 0.000000 32
874 0.000000 31
875 0.000000 0
876 0.000000 30
877 0.000000 3
878 0.000000 7
879 0.000000 95
880 0.000000 0
881 0.000000 8
882 0.000000 10
883 0.000000 13
884 0.000000 0
885 0.000000 0
886 0.000000 12
887 0.000000 17
888 14.877120 162
889 0.009756 30
890 0.009756 17
891 0.009756 8
892 0.009756 37
893 11.632036 325
894 9.644009 127
895 0.009756 67
896 0.000000 13
897 0.000000 156
898 0.000000 19
899 0.000000 26
900 0.000000 0
901 0.000000 43
902 0.000000 107
903 0.000000 68
904 0.000000 0
905 0.000000 9
906 0.000000 10
907 0.000000 16
908 0.000000 15
909 0.000000 3
910 0.000000 25
911 0.000000 2
912 0.000000 0
913 0.311291 0
914 0.311291 0
915 11.624938 401
916 10.291688 285
917 10.894730 781
918 11.874201 1227
919 10.187977 615
920 9.960563 1006
921 0.000000 0
922 0.000000 0
923 0.000000 0
924 0.000000 0
925 0.000000 0
926 0.000000 0
927 0.000000 0
928 1.178200 0
929 7.744108 161
930 6.672850 590
931 5.109371 118
932 11.961448 443
933 11.778900 853
934 8.663625 441
935 11.112588 681
936 9.949035 139
937 9.969813 619
938 0.296608 64
939 0.296608 17
940 0.000000 0
941 0.296608 44
942 0.296608 4
943 0.000000 0
944 0.000000 19
945 0.000000 0
946 0.000000 1
947 0.000000 0
948 0.000000 34
949 0.000000 59
950 0.000000 9
951 11.116157 341
952 0.319900 70
953 0.319900 46
954 9.812631 163
955 0.319900 1
956 0.319900 20
957 8.094923 151
958 7.638451 168
959 0.319900 5
960 8.694735 248
961 1.117389 0
962 5.717245 200
963 8.209775 262
964 5.195665 133
965 1.117389 76
966 7.017725 187
967 0.000000 0
968 0.000000 48
969 0.000000 39
970 0.000000 49
971 0.000000 0
972 5.313619 141
973 0.000000 89
974 0.000000 48
975 0.000000 63
976 0.000000 8
977 0.000000 2
978 0.000000 1
979 0.000000 2
980 0.000000 19
981 0.000000 2
982 0.000000 96
983 0.000000 0
984 0.000000 0
985 0.000000 0
986 0.000000 0
987 0.000000 0
988 0.000000 0
989 0.000000 34
990 0.000000 2
991 0.000000 0
992 0.101529 56
993 7.910164 413
994 0.101529 0
995 0.101529 1
996 4.687713 149
997 8.034049 591
998 4.645977 295
999 0.101529 86
1000 -1.404400 796
1001 7.217081 193
1002 8.290532 153
1003 8.163321 563
1004 9.542930 409
1005 0.000000 0
1006 6.606234 403
1007 0.000000 0
1008 -0.086503 0
1009 10.842092 1181
1010 -0.086503 53
1011 0.000000 0
1012 3.986440 780
1013 -0.086503 32
1014 -0.086503 113
1015 -0.086503 0
1016 0.841183 0
1017 0.841183 0
1018 0.841183 0
1019 0.841183 0
1020 0.841183 0
1021 2.887914 604
1022 4.226811 782
1023 0.000000 0
1024 3.338478 192
1025 -1.453879 18
1026 6.771922 906
1027 0.000000 0
1028 0.000000 0
1029 -1.453879 0
1030 10.354141 245
1031 -1.453879 0
1032 0.000000 60
1033 0.000000 37
1034 0.000000 54
1035 0.000000 45
1036 0.000000 7
1037 0.000000 6
1038 0.000000 7
1039 0.000000 18
1040 -2.293042 307
1041 -1.006887 296
1042 -10.034467 571
1043 0.000000 0
1044 -0.114179 98
1045 -0.114179 53
1046 -0.114179 3
1047 -0.114179 54
1048 0.078187 23
1049 3.200863 263
1050 0.000000 0
1051 0.078187 22
1052 0.078187 0
1053 0.078187 0
1054 0.078187 0
1055 0.175027 429
1056 -2.700618 544
1057 -3.927972 455
1058 -0.359871 59
1059 -3.682470 329
1060 -5.370019 375
1061 3.945903 2612
1062 -2.662978 2586
1063 -2.914738 1962
1064 -1.591623 3744
1065 -4.666818 624
1066 0.000000 0
1067 -2.750747 779
1068 0.000000 0
1069 -3.718166 416
1070 -0.344986 1
1071 2.483031 499
1072 0.000000 0
1073 0.000000 8
1074 0.000000 108
1075 0.000000 0
1076 0.000000 38
1077 0.000000 24
1078 0.000000 41
1079 0.000000 0
1080 4.690478 284
1081 5.682585 2087
1082 -0.800047 57
1083 -0.800047 44
1084 -0.800047 16
1085 -0.800047 41
1086 -0.800047 8
1087 -0.800047 76
1088 0.000000 0
1089 -1.441561 448
1090 -0.975053 684
1091 -1.760002 465
1092 -0.786487 482
1093 -1.487189 638
1094 -0.225746 1347
1095 -0.742456 668
1096 -0.810131 169
1097 0.134300 672
1098 0.910263 994
1099 -0.241780 52
1100 -0.432418 285
1101 0.027367 105
1102 0.000000 0
1103 5.837216 996
1104 6.064182 406
1105 -0.633687 87
1106 0.000000 0
1107 6.346599 844
1108 5.016239 163
1109 -0.633687 30
1110 -0.633687 40
1111 -0.633687 6
1112 0.000000 9
1113 0.000000 11
1114 0.000000 24
1115 0.000000 1
1116 0.000000 1
1117 0.000000 3
1118 0.000000 1
1119 0.000000 0
1120 0.000000 0
1121 0.000000 0
1122 0.000000 0
1123 0.000000 0
1124 0.000000 0
1125 0.000000 0
1126 0.000000 0
1127 0.000000 0
1128 0.000000 0
1129 0.000000 0
1130 0.000000 0
1131 0.000000 0
1132 0.000000 0
1133 0.000000 0
1134 0.000000 0
1135 0.000000 0
1136 0.000000 0
1137 0.000000 3
1138 0.000000 2
1139 0.000000 2
1140 0.000000 0
1141 0.000000 5
1142 0.000000 13
1143 0.000000 1
1144 0.000000 1
1145 0.000000 5
1146 0.000000 0
1147 0.000000 14
1148 0.000000 0
1149 0.000000 10
1150 0.000000 0
1151 0.000000 0
1152 0.000000 0
1153 0.000000 0
1154 0.000000 0
1155 0.000000 0
1156 0.000000 0
1157 0.000000 0
1158 0.000000 0
1159 0.000000 0
1160 0.000000 0
1161 2.004732 125
1162 0.000000 0
1163 0.000000 0
1164 0.000000 0
1165 0.000000 0
1166 0.000000 0
1167 0.000000 0
1168 0.000000 3
1169 0.000000 17
1170 0.000000 0
1171 0.000000 3
1172 0.000000 3
1173 0.000000 19
1174 0.000000 15
1175 0.000000 13
1176 0.000000 4
1177 0.000000 1
1178 0.000000 0
1179 0.000000 4
1180 0.000000 4
1181 0.000000 12
1182 0.000000 0
1183 0.000000 8
1184 0.000000 0
1185 0.000000 15
1186 0.000000 0
1187 0.000000 6
1188 0.000000 19
1189 0.000000 25
1190 0.000000 15
1191 0.000000 27
1192 0.000000 18
1193 0.000000 8
1194 0.000000 11
1195 0.000000 10
1196 0.000000 15
1197 0.000000 21
1198 0.000000 16
1199 0.000000 38
1200 0.000000 0
1201 0.000000 0
1202 0.000000 2
1203 0.000000 0
1204 0.000000 8
1205 0.000000 9
1206 0.000000 15
1207 0.000000 3
1208 -0.296186 19
1209 -0.211067 222
1210 -0.213550 379
1211 0.261777 736
1212 0.046684 138
1213 -2.509348 736
1214 -3.346967 280
1215 0.000000 0
1216 -0.324776 2
1217 0.959365 1654
1218 1.475616 1357
1219 -0.324776 11
1220 0.406447 538
1221 -0.283405 595
1222 -0.024592 273
1223 0.130224 679
1224 0.996163 880
1225 -0.969082 235
1226 -2.616840 284
1227 -0.366050 1123
1228 0.000000 0
1229 -0.347030 725
1230 -0.180652 1415
1231 0.000000 0
1232 -0.189672 1
1233 -4.875936 1118
1234 -4.401366 1031
1235 0.000000 0
1236 -5.712911 1365
1237 -5.178682 1245
1238 -5.658040 1241
1239 -5.494790 499
1240 -3.040208 1092
1241 -5.043121 1106
1242 -4.115461 710
1243 -5.009588 1577
1244 -3.896402 1588
1245 -3.859660 1796
1246 -5.013173 2035
1247 0.000000 0
1248 -10.573553 1749
1249 0.000000 0
1250 -7.157256 1613
1251 -8.798095 1397
1252 0.000000 0
1253 -8.898045 1482
1254 -9.220202 1294
1255 -7.610544 1680
1256 -7.299777 1040
1257 -10.296174 747
1258 -8.042163 1101
1259 -9.681764 906
1260 -10.235484 217
1261 -1.470562 1
1262 -11.829387 1309
1263 -1.470562 198
1264 -11.704258 2616
1265 -10.857110 2755
1266 0.000000 1
1267 0.000000 0
1268 -10.546758 2877
1269 -8.194472 2884
1270 -9.896500 1505
1271 -9.054964 616
1272 -10.014472 435
1273 -10.802437 611
1274 0.000000 0
1275 -9.156994 1122
1276 0.302329 16
1277 -9.913587 278
1278 0.302329 79
1279 -7.082316 469
1280 -14.113090 503
1281 -12.677990 419
1282 0.000000 0
1283 -12.842734 356
1284 -13.257643 258
1285 0.000000 0
1286 -11.500029 325
1287 -12.117677 195
1288 -11.066727 127
1289 0.000000 48
1290 0.000000 16
1291 0.000000 31
1292 0.000000 6
1293 0.000000 3
1294 0.000000 0
1295 0.000000 0
1296 0.000000 0
1297 0.000000 0
1298 0.000000 0
1299 0.000000 0
1300 0.000000 0
1301 0.000000 0
1302 0.000000 0
1303 0.000000 0
1304 0.000000 0
1305 0.000000 0
1306 0.000000 0
1307 0.000000 0
1308 0.000000 0
1309 0.000000 0
1310 0.000000 0
1311 0.000000 0
1312 0.000000 0
1313 0.000000 0
1314 0.000000 0
1315 0.000000 0
1316 0.000000 0
1317 0.000000 0
1318 0.000000 0
1319 0.000000 0
1320 0.000000 0
1321 0.000000 0
1322 0.000000 0
1323 0.000000 0
1324 0.000000 0
1325 0.000000 0
1326 0.000000 0
1327 0.000000 0
1328 0.000000 0
1329 0.000000 0
1330 0.000000 0
1331 0.000000 0
1332 0.000000 0
1333 0.000000 0
1334 0.000000 0
1335 0.000000 0
1336 0.000000 0
1337 0.000000 0
1338 0.000000 0
1339 0.000000 0
1340 0.000000 0
1341 0.000000 0
1342 0.000000 0
1343 0.000000 0
1344 0.000000 0
1345 0.000000 0
1346 0.000000 0
1347 0.000000 0
1348 0.000000 0
1349 0.000000 0
1350 0.000000 0
1351 0.000000 0
1352 0.000000 0
1353 0.000000 0
1354 0.000000 0
1355 0.000000 0
1356 0.000000 0
1357 0.000000 0
1358 0.000000 0
1359 0.000000 0
1360 0.000000 0
1361 0.000000 0
1362 0.000000 0
1363 0.000000 0
1364 0.000000 0
1365 0.000000 0
1366 0.000000 0
1367 0.000000 0
1368 0.000000 0
1369 0.000000 0
1370 0.000000 0
1371 0.000000 0
1372 0.000000 0
1373 0.000000 0
1374 0.000000 0
1375 0.000000 0
1376 0.000000 0
1377 0.000000 0
1378 0.000000 0
1379 0.000000 0
1380 0.000000 0
1381 0.000000 0
1382 0.000000 0
1383 0.000000 0
1384 0.000000 0
1385 0.000000 0
1386 0.000000 0
1387 0.000000 1
1388 0.000000 0
1389 0.000000 0
1390 0.000000 0
1391 0.000000 0
1392 0.000000 0
1393 0.000000 0
1394 0.000000 0
1395 0.000000 0
1396 0.000000 1
1397 0.000000 0
1398 0.000000 0
1399 0.000000 0
1400 0.000000 1
1401 0.000000 3
1402 0.000000 4
1403 0.000000 0
1404 0.000000 3
1405 0.000000 0
1406 0.000000 3
1407 0.000000 1
1408 0.000000 4
1409 0.000000 0
1410 0.000000 2
1411 0.000000 8
1412 0.000000 14
1413 0.000000 13
1414 0.000000 14
1415 0.000000 12
1416 0.000000 16
1417 0.000000 8
1418 0.000000 18
1419 0.000000 3
1420 0.000000 0
1421 0.000000 8
1422 0.000000 17
1423 0.000000 0
1424 0.000000 4
1425 0.000000 25
1426 0.000000 38
1427 0.000000 4
1428 0.000000 0
1429 0.000000 10
1430 0.000000 11
1431 0.000000 10
1432 0.000000 0
1433 0.000000 0
1434 0.000000 0
1435 0.000000 3
1436 0.000000 2
1437 0.000000 0
1438 0.000000 0
1439 0.000000 0
1440 0.000000 3
1441 0.000000 76
1442 0.000000 84
1443 0.000000 0
1444 0.000000 38
1445 0.000000 54
1446 0.000000 99
1447 0.000000 92
1448 0.000000 38
1449 0.000000 64
1450 0.000000 95
1451 0.000000 46
1452 0.000000 1
1453 0.000000 11
1454 0.000000 6
1455 0.000000 0
1456 0.000000 7
1457 0.000000 3
1458 0.000000 2
1459 0.000000 0
1460 0.000000 3
1461 0.000000 0
1462 0.000000 1
1463 0.000000 2
1464 0.000000 1
1465 0.000000 8
1466 0.000000 4
1467 0.000000 37
1468 0.000000 0
1469 0.000000 35
1470 0.000000 50
1471 0.000000 0
1472 0.036762 20
1473 0.036762 80
1474 0.036762 6
1475 0.036762 49
1476 0.036762 83
1477 -1.171200 163
1478 0.217812 162
1479 3.611559 121
1480 0.107518 167
1481 1.136489 148
1482 0.709890 97
1483 0.709890 87
1484 0.709890 36
1485 0.709890 60
1486 0.000000 0
1487 0.000000 0
1488 0.000000 0
1489 0.000000 0
1490 0.000000 0
1491 0.000000 0
1492 0.000000 0
1493 0.000000 0
1494 0.000000 0
1495 5.649142 616
1496 7.515557 663
1497 5.791647 484
1498 8.216597 675
1499 6.719634 691
1500 0.000000 0
1501 0.438190 21
1502 6.311947 218
1503 0.000000 0
1504 0.677526 251
1505 -0.588402 103
1506 -1.909759 274
1507 -2.245230 119
1508 -2.269548 151
1509 -3.143647 198
1510 -0.588402 0
1511 -2.797884 354
1512 -1.886946 423
1513 -1.159081 350
1514 -1.233746 215
1515 -3.421470 131
1516 0.000000 0
1517 -1.386599 126
1518 -0.134902 97
1519 0.000000 0
1520 0.000000 0
1521 -0.686675 53
1522 -0.686675 93
1523 0.000000 0
1524 -1.770647 124
1525 -0.686675 110
1526 -3.539182 305
1527 -3.110305 290
1528 -0.950365 346
1529 -0.986899 107
1530 -0.986899 4
1531 -0.986899 58
1532 -0.986899 105
1533 -0.986899 56
1534 -0.987775 155
1535 -2.370418 239
1536 0.000000 0
1537 0.000000 26
1538 0.000000 22
1539 0.000000 59
1540 0.000000 73
1541 0.000000 88
1542 0.000000 28
1543 0.000000 17
1544 0.000000 0
1545 0.000000 0
1546 0.000000 0
1547 0.000000 0
1548 0.000000 0
1549 0.000000 0
1550 0.000000 0
1551 0.000000 0
1552 6.219423 288
1553 -1.587285 326
1554 -1.876232 324
1555 0.630881 116
1556 -3.103275 255
1557 0.000000 0
1558 -2.048838 366
1559 0.630881 37
1560 -3.924508 134
1561 0.000000 24
1562 0.000000 12
1563 0.000000 22
1564 0.000000 26
1565 0.000000 6
1566 0.000000 66
1567 0.000000 0
1568 0.000000 0
1569 0.000000 62
1570 0.000000 21
1571 0.000000 19
1572 0.000000 42
1573 0.000000 31
1574 0.000000 53
1575 0.000000 44
1576 10.930493 226
1577 10.135053 233
1578 9.974114 209
1579 9.209366 204
1580 0.420093 9
1581 0.420093 70
1582 0.420093 45
1583 0.000000 0
1584 0.000000 0
1585 0.631439 47
1586 0.631439 44
1587 0.631439 7
1588 4.195748 142
1589 5.514049 116
1590 5.224451 230
1591 4.549473 322
1592 5.687011 327
1593 6.380115 253
1594 6.997628 222
1595 0.238338 80
1596 5.065149 151
1597 0.000000 0
1598 0.238338 83
1599 0.238338 10
1600 -0.062274 87
1601 -0.062274 85
1602 3.997404 261
1603 0.000000 0
1604 -0.062274 47
1605 2.763692 333
1606 4.620194 368
1607 2.253011 132
1608 3.062026 366
1609 3.636415 442
1610 3.064442 485
1611 2.969776 195
1612 0.435399 33
1613 0.435399 100
1614 0.435399 92
1615 0.000000 0
1616 5.794773 283
1617 0.000000 0
1618 0.321055 99
1619 4.342782 193
1620 3.187809 120
1621 0.321055 51
1622 0.321055 37
1623 0.321055 8
1624 1.960116 317
1625 0.577841 219
1626 2.667527 334
1627 0.050780 11
1628 0.050780 52
1629 0.000000 0
1630 0.050780 75
1631 0.067534 136
1632 6.883259 183
1633 3.353642 129
1634 3.850485 136
1635 0.015383 78
1636 0.015383 93
1637 0.015383 93
1638 0.015383 64
1639 0.015383 67
1640 4.927784 152
1641 3.121990 193
1642 2.797042 194
1643 2.375677 164
1644 -0.153789 34
1645 -0.153789 25
1646 0.000000 0
1647 0.000000 0
1648 0.000000 0
1649 1.184643 112
1650 6.452589 155
1651 1.184643 57
1652 6.412987 127
1653 6.832119 227
1654 0.000000 0
1655 6.861297 161
1656 0.000000 37
1657 0.000000 23
1658 0.000000 16
1659 0.000000 12
1660 0.000000 0
1661 0.000000 1
1662 0.000000 0
1663 0.000000 0
1664 0.000000 24
1665 0.000000 3
1666 0.000000 44
1667 0.000000 0
1668 0.000000 45
1669 0.000000 3
1670 -4.481480 82
1671 0.000000 44
1672 -0.313185 46
1673 -0.313185 38
1674 11.111032 231
1675 -0.313185 55
1676 0.000000 0
1677 -0.313185 64
1678 10.691701 283
1679 0.000000 0
1680 11.362229 275
1681 8.679231 534
1682 8.913034 441
1683 8.139120 280
1684 0.268585 275
1685 6.775329 215
1686 7.242490 243
1687 8.460090 276
1688 8.162579 185
1689 5.715825 207
1690 7.960283 400
1691 8.908354 387
1692 0.000000 0
1693 8.680485 297
1694 9.477244 238
1695 0.000000 0
1696 0.000000 10
1697 0.000000 0
1698 0.000000 0
1699 0.000000 0
1700 0.000000 0
1701 0.000000 0
1702 0.000000 0
1703 0.000000 0
1704 0.000000 0
1705 0.000000 0
1706 0.000000 0
1707 0.000000 0
1708 0.000000 0
1709 0.000000 0
1710 0.000000 0
1711 0.000000 0
1712 0.000000 44
1713 0.000000 14
1714 0.000000 9
1715 0.000000 0
1716 0.000000 68
1717 0.000000 62
1718 0.000000 41
1719 0.000000 33
1720 8.074189 120
1721 5.474760 203
1722 5.446021 188
1723 1.236262 102
1724 7.015652 183
1725 0.000000 0
1726 1.236262 105
1727 4.535263 179
1728 4.550909 470
1729 0.000000 27
1730 0.000000 42
1731 0.000000 15
1732 0.000000 0
1733 0.000000 8
1734 0.000000 18
1735 0.000000 18
1736 0.000000 37
1737 0.000000 50
1738 0.000000 32
1739 0.000000 27
1740 0.000000 23
1741 0.000000 10
1742 0.000000 36
1743 0.000000 0
1744 0.000000 0
1745 -0.396451 3
1746 -0.396451 7
1747 -0.396451 9
1748 -0.396451 92
1749 -0.396451 87
1750 -2.175081 196
1751 -0.833087 277
1752 -1.288191 694
1753 -2.191766 228
1754 -0.358531 0
1755 -0.719954 606
1756 1.831152 625
1757 0.000000 0
1758 -1.620775 119
1759 0.637895 394
1760 1.542792 1504
1761 0.000000 0
1762 -1.445498 1309
1763 -0.007906 518
1764 -0.017341 128
1765 -1.875989 163
1766 -0.088052 108
1767 -1.731527 133
1768 1.201102 167
1769 1.616724 261
1770 0.000000 0
1771 0.287653 104
1772 0.737551 107
1773 0.938683 211
1774 3.097105 421
1775 2.831941 1888
1776 9.801239 4293
1777 4.608366 3848
1778 0.000000 0
1779 6.851952 2387
1780 5.823207 1078
1781 5.803361 1734
1782 4.859231 857
1783 7.058237 1316
1784 7.165846 2511
1785 6.039617 1556
1786 0.000000 0
1787 3.290742 871
1788 5.677090 455
1789 8.376058 233
1790 5.513773 635
1791 5.236816 1209
1792 0.725196 173
1793 5.169037 485
1794 0.725196 40
1795 0.725196 80
1796 3.224319 718
1797 3.832053 1499
1798 3.928814 1524
1799 0.725196 32
1800 3.305846 1385
1801 4.050529 1605
1802 2.660815 1730
1803 1.483141 708
1804 0.000000 0
1805 0.776114 524
1806 0.011199 365
1807 0.000000 0
1808 -0.726454 92
1809 -0.726454 42
1810 -0.960322 143
1811 -0.726454 26
1812 0.691596 200
1813 -2.478211 126
1814 1.016484 1566
1815 0.501348 1346
1816 -0.771089 1354
1817 0.390000 2434
1818 1.374785 2078
1819 0.236542 236
1820 0.000000 0
1821 -0.845583 419
1822 -0.740986 175
1823 0.000000 0
1824 1.220000 136
1825 -3.081232 388
1826 0.231242 969
1827 0.391436 836
1828 -1.833680 183
1829 1.029844 1021
1830 2.042155 2465
1831 2.010495 2731
1832 0.950752 2782
1833 0.769668 3104
1834 0.831606 3117
1835 -0.079048 2325
1836 0.000000 0
1837 -2.067942 1450
1838 -0.217341 846
1839 0.000000 0
1840 4.248158 419
1841 0.513909 425
1842 0.733195 262
1843 0.449391 135
1844 -0.172946 112
1845 -0.172946 28
1846 -0.172946 14
1847 -0.172946 11
1848 1.715546 169
1849 -0.649370 19
1850 -1.523132 132
1851 -0.649370 39
1852 -0.259054 214
1853 -1.314222 122
1854 0.000000 0
1855 0.000000 0
1856 0.000000 0
1857 -2.486548 817
1858 0.019111 217
1859 -0.062859 407
1860 -0.883483 672
1861 -0.211540 23
1862 -0.211540 0
1863 -0.211540 0
1864 -1.209669 857
1865 -0.672206 931
1866 -1.675947 1177
1867 -1.778953 1172
1868 0.000000 0
1869 -2.018319 1424
1870 -0.553453 0
1871 -0.553453 0
1872 -0.077736 638
1873 -4.490284 286
1874 -2.954623 881
1875 -0.773252 39
1876 -0.881184 1293
1877 0.000000 0
1878 -1.797631 1679
1879 -1.692535 1916
1880 -0.665264 72
1881 -2.201708 142
1882 -0.665264 85
1883 -1.219422 406
1884 -0.665264 37
1885 -0.665264 45
1886 -0.665264 55
1887 0.000000 0
1888 5.287763 1101
1889 4.149336 869
1890 7.285393 524
1891 7.653122 657
1892 7.350069 653
1893 6.746498 1009
1894 4.863992 1133
1895 3.433941 984
1896 -7.221540 346
1897 1.963432 663
1898 2.451012 504
1899 1.940736 576
1900 -0.490580 72
1901 3.534840 482
1902 0.000000 0
1903 0.000000 0
1904 6.084387 376
1905 2.968919 283
1906 3.147645 182
1907 2.763559 386
1908 4.612263 367
1909 3.711681 295
1910 5.936925 505
1911 5.106755 340
1912 8.974625 484
1913 7.003933 257
1914 5.940059 276
1915 7.046723 538
1916 0.000000 0
1917 -0.022554 93
1918 1.919216 218
1919 0.000000 0
1920 -0.181567 49
1921 -7.494598 370
1922 -0.181567 6
1923 -0.181567 77
1924 -0.181567 93
1925 -3.309024 285
1926 -4.226122 184
1927 -0.181567 110
1928 -5.800651 276
1929 -6.388186 325
1930 -5.257171 497
1931 -5.243032 673
1932 -5.614141 285
1933 -3.677673 934
1934 0.000000 0
1935 0.000000 0
1936 -7.513645 421
1937 -0.715942 110
1938 -12.817822 210
1939 -0.715942 55
1940 -11.283313 448
1941 -12.953158 627
1942 0.000000 0
1943 -11.166640 187
1944 -11.965312 356
1945 -12.220192 378
1946 -12.215800 554
1947 -14.425169 709
1948 -12.521262 602
1949 -0.259874 51
1950 -13.778880 599
1951 0.000000 0
1952 -5.562344 404
1953 -1.105654 43
1954 -9.897286 218
1955 -7.728539 255
1956 -1.105654 75
1957 -1.105654 92
1958 -1.105654 36
1959 -1.105654 46
1960 0.000000 42
1961 0.000000 47
1962 0.000000 40
1963 0.000000 4
1964 0.000000 0
1965 0.000000 2
1966 0.000000 15
1967 0.000000 0
1968 0.000000 9
1969 0.000000 3
1970 0.000000 3
1971 0.000000 0
1972 0.000000 0
1973 0.000000 0
1974 0.000000 0
1975 0.000000 1
1976 0.000000 0
1977 0.000000 0
1978 0.000000 0
1979 0.000000 0
1980 0.000000 0
1981 0.000000 0
1982 0.000000 0
1983 0.000000 0
1984 0.000000 0
1985 0.000000 0
1986 0.000000 0
1987 0.000000 0
1988 0.000000 0
1989 0.000000 0
1990 0.000000 0
1991 0.000000 0
1992 0.000000 0
1993 0.000000 0
1994 0.000000 0
1995 0.000000 0
1996 0.000000 0
1997 0.000000 0
1998 0.000000 0
1999 0.000000 0
2000 0.000000 0
2001 0.000000 0
2002 0.000000 0
2003 0.000000 0
2004 0.000000 0
2005 0.000000 0
2006 0.000000 0
2007 0.000000 0
2008 0.000000 0
2009 0.000000 0
2010 0.000000 0
2011 0.000000 0
2012 0.000000 0
2013 0.000000 0
2014 0.000000 0
2015 0.000000 0
2016 0.000000 0
2017 0.000000 0
2018 0.000000 0
2019 0.000000 0
2020 0.000000 0
2021 0.000000 0
2022 0.000000 0
2023 0.000000 0
2024 0.000000 0
2025 0.000000 0
2026 0.000000 0
2027 0.000000 0
2028 0.000000 0
2029 0.000000 0
2030 0.000000 0
2031 0.000000 0
2032 0.000000 0
2033 0.000000 0
2034 0.000000 0
2035 0.000000 0
2036 0.000000 0
2037 0.000000 0
2038 0.000000 0
2039 0.000000 0
2040 0.000000 0
2041 0.000000 0
2042 0.000000 0
2043 0.000000 0
2044 0.000000 0
2045 0.000000 0
2046 0.000000 0
2047 0.000000 0
2048 0.000000 0
2049 0.000000 0
2050 0.000000 0
2051 0.000000 0
2052 0.000000 0
2053 0.000000 0
2054 0.000000 0
2055 0.000000 0
2056 0.000000 0
2057 0.000000 1
2058 0.000000 0
2059 0.000000 1
2060 0.000000 0
2061 0.000000 0
2062 0.000000 0
2063 0.000000 0
2064 0.000000 0
2065 0.000000 2
2066 0.000000 3
2067 0.000000 0
2068 0.000000 0
2069 0.000000 20
2070 0.000000 21
2071 0.000000 36
2072 0.366737 22
2073 0.366737 29
2074 0.366737 48
2075 0.366737 65
2076 4.604606 200
2077 2.868041 357
2078 1.825361 187
2079 5.705113 254
2080 0.000000 0
2081 0.000000 0
2082 0.000000 0
2083 0.000000 0
2084 0.000000 0
2085 0.000000 0
2086 0.000000 0
2087 0.000000 0
2088 0.000000 0
2089 0.000000 0
2090 0.000000 0
2091 0.000000 0
2092 0.000000 0
2093 0.000000 0
2094 0.000000 0
2095 0.000000 2
2096 0.000000 5
2097 0.000000 6
2098 0.000000 3
2099 0.000000 0
2100 0.000000 25
2101 0.000000 15
2102 0.000000 14
2103 0.000000 15
2104 0.000000 0
2105 0.000000 68
2106 0.000000 67
2107 0.000000 38
2108 0.000000 14
2109 0.000000 24
2110 0.000000 11
2111 0.000000 24
2112 0.000000 0
2113 0.000000 12
2114 0.000000 12
2115 0.000000 3
2116 0.000000 12
2117 0.000000 12
2118 0.000000 11
2119 0.000000 13
2120 0.000000 9
2121 0.000000 5
2122 0.000000 0
2123 0.000000 0
2124 0.000000 0
2125 0.000000 0
2126 0.000000 0
2127 0.000000 0
2128 0.000000 0
2129 0.000000 0
2130 0.000000 0
2131 0.000000 0
2132 0.000000 26
2133 0.000000 38
2134 0.000000 26
2135 0.000000 28
2136 0.000000 0
2137 0.000000 0
2138 0.000000 0
2139 0.000000 0
2140 0.000000 0
2141 0.000000 0
2142 0.000000 0
2143 0.000000 0
2144 0.000000 0
2145 0.251261 32
2146 10.158047 260
2147 0.000000 0
2148 12.707770 315
2149 0.251261 99
2150 12.054093 380
2151 11.597754 417
2152 10.981891 346
2153 11.477454 393
2154 11.147246 305
2155 0.250213 56
2156 0.250213 14
2157 0.250213 0
2158 12.840275 121
2159 0.250213 5
2160 0.000000 0
2161 9.319954 169
2162 1.861076 6
2163 0.000000 0
2164 5.944628 177
2165 9.774448 282
2166 7.140297 265
2167 6.549147 115
2168 -0.352253 0
2169 -0.352253 0
2170 -0.352253 0
2171 -0.352253 0
2172 -0.352253 0
2173 10.476109 318
2174 -0.352253 41
2175 9.832657 298
2176 0.000000 0
2177 0.000000 0
2178 0.000000 0
2179 0.000000 0
2180 0.000000 0
2181 0.000000 0
2182 0.000000 0
2183 0.000000 0
2184 0.000000 0
2185 0.000000 0
2186 0.000000 0
2187 0.000000 0
2188 0.000000 0
2189 0.000000 0
2190 0.000000 0
2191 0.000000 0
2192 0.000000 0
2193 0.000000 0
2194 0.000000 0
2195 0.000000 0
2196 0.000000 0
2197 0.000000 0
2198 0.000000 0
2199 0.000000 0
2200 0.000000 0
2201 0.000000 0
2202 0.000000 0
2203 0.000000 0
2204 0.000000 0
2205 0.000000 0
2206 0.000000 0
2207 0.000000 0
2208 0.000000 0
2209 10.648301 222
2210 14.019515 152
2211 2.437190 11
2212 2.437190 23
2213 2.437190 19
2214 2.437190 24
2215 2.437190 18
2216 0.327882 16
2217 0.327882 15
2218 0.327882 38
2219 0.327882 13
2220 12.260396 257
2221 0.000000 0
2222 10.839504 658
2223 0.327882 29
2224 2.886421 25
2225 2.886421 14
2226 2.886421 22
2227 0.000000 0
2228 2.886421 38
2229 2.886421 29
2230 12.360773 149
2231 8.452663 116
2232 0.319070 0
2233 10.135926 127
2234 10.257706 180
2235 10.336731 360
2236 8.887692 189
2237 7.828247 111
2238 8.859031 167
2239 0.000000 0
2240 0.382973 48
2241 2.293624 410
2242 4.097068 545
2243 0.000000 0
2244 2.676629 543
2245 3.925099 785
2246 3.809432 575
2247 3.322855 318
2248 3.752913 142
2249 0.795026 172
2250 0.672603 99
2251 2.374511 231
2252 0.672603 116
2253 0.672603 30
2254 0.000000 0
2255 0.672603 94
2256 0.028756 10
2257 1.310513 290
2258 2.783359 218
2259 0.000000 0
2260 -0.085465 191
2261 0.429516 481
2262 -0.901416 549
2263 0.541435 432
2264 0.310123 299
2265 -1.709474 147
2266 -1.415391 53
2267 -1.415391 64
2268 -1.415391 23
2269 -1.415391 73
2270 -1.415391 57
2271 0.000000 0
2272 -3.075261 336
2273 -2.569915 597
2274 1.699800 520
2275 0.074084 0
2276 0.062059 377
2277 0.446579 617
2278 0.106874 560
2279 0.000000 0
2280 2.481217 186
2281 -1.612473 270
2282 1.102370 400
2283 0.000000 0
2284 3.977604 276
2285 0.287058 161
2286 1.436525 109
2287 0.325880 0
2288 0.032138 39
2289 0.032138 49
2290 0.032138 31
2291 0.032138 29
2292 0.032138 15
2293 -3.366503 329
2294 -4.095178 156
2295 -3.534071 177
2296 -2.918964 12
2297 -2.918964 15
2298 -3.397007 105
2299 -6.069526 161
2300 0.000000 0
2301 -3.766854 109
2302 -2.918964 92
2303 0.000000 0
2304 0.217355 13
2305 -1.510416 112
2306 1.565777 233
2307 0.000000 0
2308 0.165887 213
2309 -0.190712 194
2310 -0.236404 199
2311 -1.374436 168
2312 0.058623 74
2313 0.058623 70
2314 -1.941376 119
2315 -1.196110 140
2316 0.000000 0
2317 0.058623 97
2318 0.058623 62
2319 0.942704 107
2320 0.000000 0
2321 0.000000 5
2322 0.000000 4
2323 0.000000 3
2324 0.000000 14
2325 0.000000 28
2326 0.000000 15
2327 0.000000 69
2328 0.000000 47
2329 0.000000 56
2330 0.000000 42
2331 0.000000 46
2332 0.000000 32
2333 0.000000 85
2334 0.000000 0
2335 0.000000 71
2336 0.083427 9
2337 2.644011 260
2338 2.191280 203
2339 0.000000 0
2340 3.533567 341
2341 3.630912 298
2342 1.454482 455
2343 2.755802 433
2344 2.742054 232
2345 2.952981 238
2346 3.830984 195
2347 5.330980 294
2348 0.000000 0
2349 6.561833 487
2350 5.110204 534
2351 9.876063 579
2352 1.106350 1
2353 12.451511 319
2354 1.106350 136
2355 0.000000 0
2356 11.723291 300
2357 11.426613 385
2358 12.492764 174
2359 1.106350 37
2360 0.000000 54
2361 0.000000 25
2362 0.000000 46
2363 0.000000 72
2364 0.000000 44
2365 0.000000 94
2366 9.490610 583
2367 0.000000 0
2368 2.927695 41
2369 0.000000 0
2370 2.927695 198
2371 6.911721 113
2372 12.276441 628
2373 9.217990 417
2374 13.326616 447
2375 8.156662 204
2376 5.321719 173
2377 0.000000 66
2378 1.658031 71
2379 0.000000 60
2380 0.000000 13
2381 0.000000 1
2382 0.000000 19
2383 0.000000 0
2384 0.000000 0
2385 7.806546 102
2386 -0.304703 2
2387 6.205510 249
2388 3.580940 191
2389 3.767366 141
2390 3.448646 114
2391 4.571325 123
2392 2.159576 248
2393 1.953688 241
2394 2.849622 426
2395 0.000000 0
2396 -0.167932 19
2397 -0.167932 41
2398 -0.167932 35
2399 9.378061 233
2400 0.911705 172
2401 11.766566 648
2402 9.644065 460
2403 11.297837 574
2404 10.137198 423
2405 0.000000 0
2406 9.110948 919
2407 8.227220 1124
2408 8.548265 1670
2409 0.000000 0
2410 8.144777 2496
2411 9.244737 2885
2412 9.227975 2931
2413 9.133955 1854
2414 6.592491 444
2415 0.492726 302
2416 0.000000 0
2417 7.302088 268
2418 6.918254 471
2419 7.600746 216
2420 6.024115 142
2421 0.076641 5
2422 0.000000 0
2423 7.100570 163
2424 7.497157 129
2425 6.036076 200
2426 4.785724 339
2427 7.382512 1603
2428 7.513069 574
2429 6.273577 134
2430 -0.172832 32
2431 7.369461 113
2432 0.000000 0
2433 4.601378 117
2434 3.596995 191
2435 0.000000 0
2436 3.750735 374
2437 2.849277 367
2438 4.031845 878
2439 2.538670 415
2440 2.036474 326
2441 3.506459 1122
2442 1.946641 1238
2443 -0.347569 91
2444 2.676574 537
2445 2.394953 373
2446 2.675757 768
2447 6.779686 504
2448 0.000000 0
2449 -0.278059 73
2450 -0.278059 65
2451 0.000000 0
2452 8.642972 1068
2453 9.085744 181
2454 10.122002 509
2455 7.900567 605
2456 10.009227 265
2457 0.137307 74
2458 8.976596 121
2459 0.137307 47
2460 0.137307 45
2461 0.137307 36
2462 0.137307 43
2463 0.137307 20
2464 0.000000 0
2465 0.000000 0
2466 0.000000 0
2467 0.000000 0
2468 0.000000 0
2469 0.000000 0
2470 0.000000 0
2471 0.000000 0
2472 0.000000 0
2473 0.000000 0
2474 0.000000 0
2475 0.000000 0
2476 0.000000 1
2477 0.000000 0
2478 0.000000 0
2479 0.000000 0
2480 0.000000 0
2481 0.000000 0
2482 0.000000 0
2483 0.000000 0
2484 0.000000 0
2485 0.000000 0
2486 0.000000 0
2487 0.000000 0
2488 0.000000 0
2489 0.000000 0
2490 0.000000 0
2491 0.000000 0
2492 0.000000 0
2493 0.000000 0
2494 0.000000 0
2495 0.000000 0
2496 0.000000 0
2497 0.000000 1
2498 0.000000 0
2499 0.000000 0
2500 0.000000 0
2501 0.000000 0
2502 0.000000 0
2503 0.000000 0
2504 0.000000 0
2505 0.000000 0
2506 0.000000 1
2507 0.000000 0
2508 0.000000 0
2509 0.000000 0
2510 0.000000 0
2511 0.000000 0
2512 0.000000 0
2513 0.000000 0
2514 0.000000 4
2515 0.000000 0
2516 0.000000 0
2517 0.000000 0
2518 0.000000 0
2519 0.000000 5
2520 0.000000 1
2521 0.000000 4
2522 0.000000 0
2523 0.000000 0
2524 0.000000 0
2525 0.000000 0
2526 0.000000 0
2527 0.000000 0
2528 0.000000 0
2529 0.000000 1
2530 0.000000 1
2531 0.000000 0
2532 0.000000 5
2533 0.000000 0
2534 0.000000 9
2535 0.000000 15
2536 0.000000 9
2537 0.000000 0
2538 0.000000 8
2539 0.000000 0
2540 0.000000 14
2541 0.000000 3
2542 0.000000 0
2543 0.000000 0
2544 0.000000 0
2545 0.000000 5
2546 0.000000 1
2547 0.000000 0
2548 0.000000 14
2549 0.000000 9
2550 0.000000 6
2551 0.000000 0
2552 0.000000 2
2553 0.000000 2
2554 0.000000 0
2555 0.000000 0
2556 0.000000 1
2557 0.000000 0
2558 0.000000 0
2559 0.000000 0
2560 -0.131511 26
2561 2.552369 948
2562 3.397464 782
2563 0.000000 0
2564 1.153699 555
2565 0.205976 398
2566 0.903815 991
2567 0.385669 1399
2568 -0.458001 634
2569 1.782074 463
2570 0.000000 0
2571 2.196569 662
2572 1.636688 625
2573 1.106949 559
2574 -0.504240 784
2575 1.505505 803
2576 0.000000 0
2577 -0.214470 0
2578 0.110563 513
2579 0.468022 1052
2580 0.079980 1044
2581 -0.561367 1048
2582 -1.859465 540
2583 -1.907006 740
2584 -1.994908 1042
2585 -1.645637 1353
2586 -1.780407 1131
2587 0.222174 1365
2588 -0.147049 0
2589 -0.665989 1221
2590 -1.050494 1318
2591 0.000000 0
2592 0.000000 0
2593 -1.234835 1857
2594 1.144169 2952
2595 1.050276 120
2596 0.522552 3371
2597 1.064512 4446
2598 0.915375 4051
2599 1.295566 2992
2600 -0.522912 2488
2601 -0.505356 3274
2602 -1.234490 3951
2603 -0.427491 2160
2604 -0.566181 1500
2605 0.000000 40
2606 0.000000 0
2607 0.000000 0
2608 0.049305 34
2609 0.868461 2000
2610 0.049305 27
2611 0.000000 0
2612 0.347745 986
2613 0.518452 1115
2614 0.607127 1382
2615 1.124811 2769
2616 0.029118 2428
2617 -1.197321 1178
2618 -1.096857 2687
2619 -0.314382 3157
2620 -0.313152 571
2621 0.000000 0
2622 -3.653507 634
2623 0.209552 75
2624 3.512537 1035
2625 2.220994 881
2626 2.115030 331
2627 3.803948 414
2628 2.494527 354
2629 2.095127 682
2630 2.699461 675
2631 2.709475 541
2632 1.242003 431
2633 0.000000 0
2634 0.759437 348
2635 2.323287 380
2636 0.000000 0
2637 1.665619 223
2638 -0.562282 77
2639 -0.562282 71
2640 0.000000 13
2641 0.000000 9
2642 0.000000 10
2643 0.000000 0
2644 0.000000 5
2645 0.000000 0
2646 0.000000 0
2647 0.000000 0
2648 0.000000 0
2649 0.000000 0
2650 0.000000 0
2651 0.000000 0
2652 0.000000 0
2653 0.000000 0
2654 0.000000 0
2655 0.000000 0
2656 0.000000 0
2657 0.000000 0
2658 0.000000 0
2659 0.000000 0
2660 0.000000 0
2661 0.000000 0
2662 0.000000 0
2663 0.000000 0
2664 0.000000 0
2665 0.000000 0
2666 0.000000 0
2667 0.000000 0
2668 0.000000 0
2669 0.000000 0
2670 0.000000 0
2671 0.000000 0
2672 0.000000 0
2673 0.000000 0
2674 0.000000 0
2675 0.000000 0
2676 0.000000 0
2677 0.000000 0
2678 0.000000 0
2679 0.000000 0
2680 0.000000 0
2681 0.000000 0
2682 0.000000 0
2683 0.000000 0
2684 0.000000 0
2685 0.000000 0
2686 0.000000 0
2687 0.000000 0

[ECalTiming]
p0 48.746114
p1 0.983658

[TimeWalk]
p1_L1 13.812842
p1_L2 16.733828
totref_L1 12.000000
totref_L2 12.000000
totmin 5.000000
totmax 30.000000
