# CDet master calibration constants
# run 5710
# calibration_stage 7
# events_processed 2951891

[PixelOffsets]
0 0.000000 0
1 0.000000 0
2 0.000000 0
3 0.000000 0
4 0.000000 0
5 0.000000 0
6 0.000000 0
7 0.000000 0
8 0.000000 0
9 0.000000 0
10 0.000000 0
11 0.000000 0
12 0.000000 0
13 0.000000 0
14 0.000000 0
15 0.000000 0
16 0.000000 0
17 0.000000 0
18 0.000000 0
19 0.000000 0
20 0.000000 0
21 0.000000 0
22 0.000000 0
23 0.000000 0
24 0.000000 0
25 0.000000 0
26 0.000000 0
27 0.000000 0
28 0.000000 0
29 0.000000 0
30 0.000000 0
31 0.000000 0
32 0.000000 0
33 0.000000 0
34 0.000000 0
35 0.000000 0
36 0.000000 0
37 0.000000 0
38 0.000000 0
39 0.000000 0
40 0.000000 0
41 0.000000 0
42 0.000000 0
43 0.000000 0
44 0.000000 0
45 0.000000 0
46 0.000000 0
47 0.000000 0
48 0.000000 0
49 0.000000 0
50 0.000000 0
51 0.000000 0
52 0.000000 0
53 0.000000 0
54 0.000000 0
55 0.000000 1
56 0.000000 0
57 0.000000 0
58 0.000000 2
59 0.000000 0
60 0.000000 0
61 0.000000 0
62 0.000000 2
63 0.000000 8
64 0.000000 1
65 0.000000 0
66 0.000000 2
67 0.000000 5
68 0.000000 4
69 0.000000 4
70 0.000000 2
71 0.000000 6
72 0.000000 16
73 0.000000 21
74 0.000000 27
75 0.000000 31
76 0.000000 25
77 0.000000 17
78 0.000000 23
79 0.000000 0
80 0.000000 6
81 0.000000 4
82 0.000000 30
83 0.000000 0
84 0.000000 8
85 0.000000 3
86 0.000000 6
87 0.000000 26
88 0.000000 2
89 0.000000 0
90 0.000000 0
91 0.000000 2
92 0.000000 0
93 0.000000 0
94 0.000000 0
95 0.000000 0
96 0.000000 1
97 0.000000 0
98 0.000000 0
99 0.000000 0
100 0.000000 3
101 0.000000 35
102 0.000000 4
103 0.000000 5
104 0.000000 4
105 0.000000 30
106 0.000000 39
107 0.000000 12
108 0.000000 20
109 0.000000 0
110 0.000000 38
111 0.000000 0
112 0.000000 0
113 0.000000 0
114 0.000000 0
115 0.000000 0
116 0.000000 0
117 0.000000 0
118 0.000000 0
119 0.000000 0
120 0.000000 0
121 0.000000 0
122 0.000000 0
123 0.000000 0
124 0.000000 0
125 0.000000 0
126 0.000000 0
127 0.000000 0
128 0.000000 8
129 0.000000 38
130 0.000000 30
131 0.000000 11
132 0.000000 38
133 0.000000 40
134 0.000000 49
135 0.000000 65
136 8.091254 165
137 6.245481 132
138 6.670361 104
139 7.952464 167
140 0.000000 0
141 6.308439 145
142 0.000000 10
143 0.000000 0
144 0.000000 50
145 0.000000 0
146 0.000000 12
147 0.000000 0
148 0.000000 47
149 0.000000 33
150 0.000000 25
151 0.000000 21
152 0.000000 71
153 6.437835 186
154 6.426571 523
155 5.546772 487
156 0.000000 0
157 0.000000 51
158 7.936670 526
159 7.810270 478
160 7.427159 245
161 0.000000 0
162 0.755749 101
163 3.041359 166
164 2.384945 144
165 0.000000 53
166 0.000000 28
167 1.836933 152
168 3.143653 160
169 3.837943 378
170 2.122482 344
171 2.139770 100
172 0.000000 0
173 0.000000 22
174 2.538561 273
175 0.000000 0
176 0.000000 0
177 0.000000 15
178 0.000000 30
179 0.000000 40
180 0.000000 99
181 0.000000 14
182 0.000000 96
183 5.725692 358
184 6.097107 455
185 0.000000 13
186 0.000000 39
187 0.000000 31
188 0.000000 0
189 0.000000 81
190 0.000000 7
191 0.000000 21
192 12.306178 298
193 0.000000 16
194 0.000000 10
195 0.000000 0
196 0.000000 35
197 0.000000 33
198 0.000000 55
199 0.000000 0
200 0.000000 2
201 0.000000 7
202 0.000000 6
203 0.000000 0
204 0.000000 1
205 0.000000 6
206 0.000000 2
207 0.000000 9
208 0.000000 32
209 7.694094 214
210 7.106759 277
211 4.986982 225
212 3.574461 105
213 0.000000 0
214 3.458033 220
215 3.637454 251
216 0.000000 44
217 0.000000 70
218 0.000000 22
219 0.000000 20
220 0.000000 0
221 0.000000 25
222 0.000000 15
223 0.000000 0
224 0.000000 30
225 0.000000 11
226 0.000000 24
227 0.000000 49
228 0.000000 37
229 0.000000 40
230 0.000000 45
231 0.000000 46
232 0.000000 81
233 6.149939 168
234 6.104895 206
235 6.074193 154
236 0.000000 0
237 4.031774 167
238 0.000000 82
239 0.000000 0
240 0.000000 17
241 0.000000 18
242 4.459118 96
243 0.000000 9
244 0.000000 0
245 0.000000 11
246 0.000000 71
247 5.837323 137
248 0.000000 74
249 5.236007 331
250 5.948119 433
251 0.000000 29
252 3.385680 123
253 4.402891 121
254 0.000000 55
255 0.000000 0
256 0.000000 9
257 0.000000 87
258 6.628594 157
259 7.754837 261
260 0.000000 12
261 3.887053 179
262 3.216965 276
263 5.329639 208
264 2.322459 113
265 5.559207 422
266 4.360670 436
267 5.942464 236
268 0.000000 0
269 0.000000 82
270 0.000000 47
271 0.000000 0
272 0.000000 66
273 4.671160 254
274 0.000000 69
275 4.881923 155
276 7.932922 100
277 0.000000 32
278 0.000000 43
279 0.000000 2
280 6.572733 318
281 3.989937 199
282 5.541785 278
283 0.000000 1
284 0.000000 0
285 0.000000 45
286 4.832417 105
287 0.000000 0
288 8.042439 122
289 0.000000 98
290 5.058785 134
291 0.000000 75
292 0.000000 35
293 0.000000 92
294 0.000000 26
295 0.000000 43
296 2.519001 101
297 5.017826 153
298 4.442614 193
299 4.636279 98
300 0.000000 0
301 0.000000 77
302 0.000000 38
303 0.000000 0
304 0.000000 34
305 5.342828 128
306 0.000000 84
307 0.000000 0
308 4.698685 98
309 5.551992 177
310 6.228176 183
311 6.778219 102
312 0.000000 20
313 0.000000 9
314 0.000000 4
315 0.000000 0
316 0.000000 0
317 0.000000 0
318 0.000000 0
319 0.000000 0
320 0.000000 0
321 0.000000 4
322 0.000000 8
323 0.000000 2
324 0.000000 10
325 0.000000 24
326 0.000000 36
327 0.000000 59
328 0.000000 79
329 0.000000 67
330 6.717062 206
331 0.000000 32
332 0.000000 0
333 7.139387 293
334 7.228083 207
335 0.000000 0
336 8.319913 217
337 2.450408 375
338 3.176545 339
339 0.000000 0
340 4.071289 403
341 1.130694 330
342 2.355177 201
343 2.950458 242
344 2.719348 124
345 2.163321 161
346 3.759694 295
347 4.265080 308
348 5.217811 279
349 3.331722 164
350 0.000000 94
351 0.000000 0
352 0.000000 19
353 0.000000 20
354 0.000000 0
355 0.000000 2
356 0.000000 7
357 0.000000 8
358 0.000000 6
359 0.000000 1
360 0.000000 4
361 0.000000 2
362 0.000000 2
363 0.000000 4
364 0.000000 0
365 0.000000 6
366 0.000000 6
367 0.000000 42
368 0.000000 15
369 0.000000 3
370 0.000000 96
371 0.000000 0
372 0.000000 59
373 0.000000 34
374 0.000000 44
375 0.000000 68
376 -0.965326 187
377 -1.775887 106
378 0.000000 82
379 -1.430480 161
380 0.151697 126
381 0.000000 0
382 -1.099437 103
383 -0.422453 359
384 0.000000 0
385 0.000000 0
386 0.000000 0
387 0.000000 0
388 0.000000 0
389 0.000000 0
390 0.000000 0
391 0.000000 0
392 0.000000 0
393 0.000000 0
394 0.000000 0
395 0.000000 0
396 0.000000 0
397 0.000000 0
398 0.000000 0
399 0.000000 0
400 0.000000 0
401 0.000000 0
402 0.000000 0
403 0.000000 0
404 0.000000 0
405 0.000000 356
406 -1.981542 191
407 0.000000 175
408 0.000000 275
409 -3.880691 485
410 0.000000 0
411 -3.324433 649
412 0.000000 87
413 -5.599880 929
414 -6.289133 1010
415 -6.357497 1198
416 0.000000 0
417 -5.936934 1072
418 0.000000 0
419 0.000000 0
420 0.000000 0
421 0.000000 19
422 1.657997 143
423 0.000000 0
424 0.000000 36
425 0.000000 0
426 0.000000 0
427 0.000000 0
428 1.729883 110
429 0.482781 2353
430 3.966968 4757
431 1.867771 2534
432 7.175600 1123
433 4.421527 1122
434 4.118447 567
435 0.000000 0
436 0.000000 0
437 3.858191 453
438 4.066545 2126
439 4.124288 1370
440 3.171835 1165
441 0.000000 68
442 0.000000 18
443 2.956522 572
444 2.777845 754
445 0.000000 25
446 0.000000 82
447 2.022729 245
448 0.000000 70
449 -2.011329 606
450 0.000000 40
451 0.000000 0
452 -1.182419 1702
453 -4.212283 708
454 -1.836950 825
455 -3.174769 593
456 -3.854637 1315
457 -2.510713 1445
458 -3.206439 682
459 -4.196334 374
460 -3.957464 119
461 0.000000 0
462 -6.148369 110
463 0.000000 0
464 0.000000 0
465 0.000000 0
466 0.000000 0
467 8.195274 1139
468 0.692117 675
469 0.000000 562
470 0.000000 564
471 2.835535 2179
472 -1.551906 1872
473 -4.978074 1296
474 -4.443965 583
475 -3.450498 156
476 -4.628864 148
477 -5.464597 307
478 -5.480953 885
479 0.000000 0
480 0.000000 0
481 -1.533395 669
482 1.482722 330
483 0.000000 0
484 0.000000 51
485 -2.554276 2641
486 -2.810814 2532
487 -3.006698 2345
488 -0.905721 3213
489 -2.710365 2997
490 -0.556349 2668
491 -0.042661 1875
492 -3.158902 205
493 -3.295938 154
494 -3.048258 397
495 0.000000 22
496 0.000000 72
497 0.000000 44
498 0.000000 35
499 0.000000 54
500 0.000000 16
501 0.000000 1
502 0.000000 5
503 0.000000 12
504 -4.151179 189
505 0.000000 68
506 -5.413215 769
507 0.000000 17
508 0.000000 0
509 0.000000 44
510 -5.448332 414
511 0.000000 0
512 0.000000 0
513 -9.571029 273
514 0.000000 82
515 0.000000 0
516 -10.256317 130
517 -12.370837 395
518 -11.184769 581
519 -11.256409 900
520 -9.653351 1045
521 -9.806943 1078
522 -8.991244 373
523 -9.552205 198
524 -10.247971 282
525 -10.645493 309
526 -10.014128 515
527 0.000000 14
528 5.290157 1192
529 -3.267348 1356
530 -2.447648 1493
531 0.000000 99
532 -1.959288 282
533 -1.403305 427
534 -1.643988 461
535 -0.722293 290
536 -1.115230 114
537 -3.420726 147
538 -1.339121 846
539 -0.102515 335
540 0.000000 0
541 1.556693 206
542 1.672643 159
543 0.000000 0
544 6.892026 232
545 4.606310 860
546 0.000000 0
547 4.837248 1075
548 2.932577 472
549 0.050232 321
550 1.786212 567
551 2.515000 626
552 1.836444 242
553 1.874763 175
554 1.604753 318
555 1.303644 188
556 0.000000 20
557 3.159009 273
558 4.439030 422
559 0.000000 0
560 0.000000 21
561 1.211702 504
562 1.933538 371
563 0.000000 0
564 3.458879 526
565 0.000000 93
566 0.656970 105
567 3.644605 540
568 0.000000 31
569 0.866244 107
570 2.164935 163
571 0.607576 291
572 2.128403 139
573 0.000000 0
574 -0.414485 118
575 0.000000 0
576 0.000000 0
577 0.891274 393
578 0.000000 0
579 0.000000 77
580 0.579834 205
581 -0.069362 401
582 1.536130 730
583 1.158854 563
584 0.412038 684
585 1.014645 656
586 0.265859 517
587 1.745146 347
588 0.000000 91
589 0.000000 0
590 0.000000 14
591 0.756233 744
592 -2.061973 359
593 -5.485525 111
594 -7.604026 339
595 0.000000 15
596 0.000000 0
597 -7.298879 759
598 -7.189218 484
599 -5.381053 346
600 -6.431530 396
601 -5.996045 392
602 -4.605937 230
603 -5.322052 170
604 -4.846771 255
605 0.000000 0
606 0.000000 98
607 -5.959718 105
608 0.000000 61
609 0.000000 0
610 0.000000 0
611 0.000000 16
612 0.000000 50
613 0.000000 12
614 0.000000 7
615 0.000000 4
616 0.000000 18
617 0.000000 29
618 0.000000 14
619 0.000000 4
620 0.000000 2
621 0.000000 0
622 0.000000 0
623 0.000000 0
624 0.000000 2
625 0.000000 0
626 0.000000 0
627 0.000000 0
628 0.000000 0
629 0.000000 0
630 0.000000 0
631 0.000000 0
632 0.000000 0
633 0.000000 0
634 0.000000 0
635 0.000000 0
636 0.000000 0
637 0.000000 0
638 0.000000 0
639 0.000000 0
640 0.000000 0
641 0.000000 0
642 0.000000 0
643 0.000000 0
644 0.000000 0
645 0.000000 0
646 0.000000 0
647 0.000000 0
648 0.000000 0
649 0.000000 0
650 0.000000 0
651 0.000000 0
652 0.000000 0
653 0.000000 0
654 0.000000 0
655 0.000000 0
656 0.000000 0
657 0.000000 0
658 0.000000 0
659 0.000000 0
660 0.000000 0
661 0.000000 0
662 0.000000 0
663 0.000000 0
664 0.000000 0
665 0.000000 0
666 0.000000 0
667 0.000000 0
668 0.000000 0
669 0.000000 0
670 0.000000 0
671 0.000000 0
672 0.000000 0
673 0.000000 0
674 0.000000 0
675 0.000000 0
676 0.000000 0
677 0.000000 0
678 0.000000 0
679 0.000000 0
680 0.000000 0
681 0.000000 0
682 0.000000 0
683 0.000000 0
684 0.000000 0
685 0.000000 0
686 0.000000 0
687 0.000000 0
688 0.000000 0
689 0.000000 0
690 0.000000 0
691 0.000000 0
692 0.000000 0
693 0.000000 0
694 0.000000 0
695 0.000000 0
696 0.000000 0
697 0.000000 0
698 0.000000 0
699 0.000000 0
700 0.000000 0
701 0.000000 0
702 0.000000 0
703 0.000000 0
704 0.000000 0
705 0.000000 0
706 0.000000 0
707 0.000000 0
708 0.000000 0
709 0.000000 0
710 0.000000 1
711 0.000000 0
712 0.000000 0
713 0.000000 1
714 0.000000 2
715 0.000000 0
716 0.000000 1
717 0.000000 0
718 0.000000 1
719 0.000000 0
720 0.000000 0
721 0.000000 0
722 0.000000 0
723 0.000000 1
724 0.000000 0
725 0.000000 0
726 0.000000 0
727 0.000000 15
728 0.000000 0
729 0.000000 0
730 0.000000 0
731 0.000000 5
732 0.000000 22
733 0.000000 5
734 0.000000 11
735 0.000000 5
736 0.000000 0
737 4.663034 341
738 0.000000 0
739 0.000000 41
740 0.000000 84
741 6.078936 150
742 0.000000 7
743 0.000000 14
744 0.000000 3
745 0.000000 3
746 0.000000 6
747 0.000000 1
748 0.000000 0
749 0.000000 2
750 0.000000 0
751 0.000000 5
752 0.000000 0
753 0.000000 0
754 0.000000 0
755 0.000000 1
756 0.000000 4
757 0.000000 4
758 0.000000 5
759 0.000000 3
760 0.000000 26
761 0.000000 21
762 0.000000 26
763 0.000000 29
764 0.000000 22
765 0.000000 54
766 0.000000 0
767 0.000000 15
768 0.000000 15
769 0.000000 0
770 0.000000 2
771 0.000000 29
772 0.000000 0
773 9.667759 102
774 0.000000 40
775 0.000000 4
776 0.000000 1
777 0.000000 0
778 0.000000 64
779 0.000000 11
780 0.000000 0
781 0.000000 4
782 0.000000 1
783 0.000000 5
784 0.000000 0
785 0.000000 2
786 0.000000 3
787 0.000000 2
788 0.000000 3
789 0.000000 0
790 0.000000 1
791 0.000000 0
792 0.000000 3
793 0.000000 15
794 0.000000 4
795 0.000000 15
796 0.000000 4
797 0.000000 4
798 0.000000 5
799 0.000000 1
800 0.000000 0
801 0.000000 12
802 -7.381146 1558
803 0.000000 0
804 1.736279 102
805 2.164472 186
806 2.562658 228
807 3.422763 292
808 2.514489 222
809 1.893516 373
810 2.037872 306
811 1.753688 245
812 0.000000 0
813 0.000000 2
814 3.101442 264
815 0.000000 28
816 0.000000 27
817 0.000000 0
818 0.000000 0
819 0.000000 28
820 0.000000 28
821 0.000000 5
822 0.000000 45
823 0.000000 0
824 0.000000 0
825 0.000000 0
826 0.000000 0
827 0.000000 0
828 0.000000 0
829 0.000000 1
830 0.000000 0
831 0.000000 0
832 5.110868 249
833 3.691107 224
834 0.000000 26
835 0.000000 37
836 0.000000 12
837 0.000000 27
838 0.000000 35
839 0.000000 0
840 0.000000 11
841 0.000000 2
842 0.000000 3
843 0.000000 12
844 0.000000 0
845 0.000000 6
846 0.000000 1
847 0.000000 0
848 0.000000 4
849 0.000000 1
850 0.000000 0
851 0.000000 2
852 0.000000 3
853 0.000000 1
854 0.000000 4
855 0.000000 9
856 0.000000 8
857 0.000000 3
858 0.000000 9
859 0.000000 4
860 0.000000 0
861 0.000000 0
862 0.000000 3
863 0.000000 21
864 0.000000 29
865 12.209453 176
866 0.000000 42
867 0.000000 0
868 0.000000 0
869 0.000000 27
870 0.000000 50
871 0.000000 10
872 0.000000 4
873 0.000000 23
874 0.000000 35
875 0.000000 0
876 0.000000 39
877 0.000000 3
878 0.000000 8
879 0.000000 97
880 0.000000 0
881 0.000000 12
882 0.000000 13
883 0.000000 14
884 0.000000 0
885 0.000000 0
886 0.000000 13
887 0.000000 17
888 12.942093 135
889 0.000000 25
890 0.000000 20
891 0.000000 11
892 0.000000 39
893 10.512717 278
894 8.588675 109
895 0.000000 46
896 0.000000 10
897 0.000000 153
898 0.000000 22
899 0.000000 25
900 0.000000 0
901 0.000000 47
902 0.000000 105
903 0.000000 69
904 0.000000 0
905 0.000000 8
906 0.000000 13
907 0.000000 19
908 0.000000 14
909 0.000000 2
910 0.000000 21
911 0.000000 2
912 0.000000 0
913 0.000000 0
914 0.000000 0
915 11.190076 296
916 9.899727 182
917 10.521457 565
918 11.217740 898
919 10.037432 459
920 9.894154 698
921 0.000000 0
922 0.000000 0
923 0.000000 0
924 0.000000 0
925 0.000000 0
926 0.000000 0
927 0.000000 0
928 0.000000 0
929 7.067120 128
930 6.607201 483
931 3.931171 98
932 10.754403 353
933 11.469392 638
934 7.790636 347
935 10.725251 510
936 9.382951 115
937 9.944390 490
938 0.000000 60
939 0.000000 17
940 0.000000 0
941 0.000000 49
942 0.000000 4
943 0.000000 0
944 0.000000 15
945 0.000000 0
946 0.000000 0
947 0.000000 0
948 0.000000 26
949 0.000000 53
950 0.000000 9
951 11.059081 277
952 0.000000 59
953 0.000000 40
954 9.135396 122
955 0.000000 1
956 0.000000 20
957 7.655005 113
958 6.511475 117
959 0.000000 5
960 7.425296 184
961 0.000000 0
962 4.599856 96
963 7.398102 197
964 4.078276 98
965 0.000000 77
966 5.840128 129
967 0.000000 0
968 0.000000 37
969 0.000000 37
970 0.000000 41
971 0.000000 0
972 5.241667 117
973 0.000000 63
974 0.000000 28
975 0.000000 36
976 0.000000 5
977 0.000000 2
978 0.000000 1
979 0.000000 2
980 0.000000 19
981 0.000000 0
982 0.000000 83
983 0.000000 0
984 0.000000 0
985 0.000000 0
986 0.000000 0
987 0.000000 0
988 0.000000 0
989 0.000000 33
990 0.000000 3
991 0.000000 0
992 0.000000 52
993 8.025169 400
994 0.000000 0
995 0.000000 0
996 5.492802 135
997 8.659136 576
998 4.866364 257
999 0.000000 72
1000 -1.503044 808
1001 7.414748 187
1002 7.946828 143
1003 8.523195 543
1004 9.457442 376
1005 0.000000 0
1006 6.521761 324
1007 0.000000 0
1008 0.000000 0
1009 11.872390 1228
1010 0.000000 43
1011 0.000000 0
1012 4.028882 761
1013 0.000000 23
1014 0.000000 83
1015 0.000000 0
1016 0.000000 0
1017 0.000000 0
1018 0.000000 0
1019 0.000000 0
1020 0.000000 0
1021 2.859712 588
1022 3.385628 808
1023 0.000000 0
1024 4.792357 116
1025 0.000000 9
1026 8.103288 787
1027 0.000000 0
1028 0.000000 0
1029 0.000000 0
1030 9.752669 184
1031 0.000000 0
1032 0.000000 40
1033 0.000000 49
1034 0.000000 45
1035 0.000000 37
1036 0.000000 7
1037 0.000000 3
1038 0.000000 5
1039 0.000000 13
1040 -2.237190 283
1041 -1.006700 285
1042 -10.010529 512
1043 0.000000 0
1044 0.000000 82
1045 0.000000 56
1046 0.000000 5
1047 0.000000 57
1048 0.000000 27
1049 1.701253 282
1050 0.000000 0
1051 0.000000 3
1052 0.000000 0
1053 0.000000 0
1054 0.000000 0
1055 0.020532 371
1056 -3.756560 399
1057 -3.696542 371
1058 0.000000 39
1059 -2.440331 291
1060 -4.213893 304
1061 4.024879 2769
1062 -2.698059 2227
1063 -2.875664 1726
1064 -1.789129 3316
1065 -4.167633 426
1066 0.000000 0
1067 -2.604972 575
1068 0.000000 0
1069 -3.864593 281
1070 0.000000 1
1071 2.544477 301
1072 0.000000 0
1073 0.000000 5
1074 0.000000 73
1075 0.000000 0
1076 0.000000 29
1077 0.000000 17
1078 0.000000 35
1079 0.000000 0
1080 5.659380 176
1081 5.041844 1609
1082 0.000000 52
1083 0.000000 42
1084 0.000000 12
1085 0.000000 36
1086 0.000000 4
1087 0.000000 52
1088 0.000000 0
1089 -0.868455 313
1090 -0.618131 530
1091 -1.443272 376
1092 -0.696880 374
1093 -1.129365 480
1094 -0.758874 1231
1095 -0.401816 536
1096 -1.032671 134
1097 -0.386341 518
1098 0.554235 676
1099 0.000000 46
1100 -0.834340 219
1101 0.000000 93
1102 0.000000 0
1103 5.082280 811
1104 5.814161 248
1105 0.000000 55
1106 0.000000 0
1107 6.255780 534
1108 5.507911 135
1109 0.000000 24
1110 0.000000 31
1111 0.000000 4
1112 0.000000 7
1113 0.000000 11
1114 0.000000 19
1115 0.000000 1
1116 0.000000 1
1117 0.000000 1
1118 0.000000 2
1119 0.000000 0
1120 0.000000 0
1121 0.000000 0
1122 0.000000 0
1123 0.000000 0
1124 0.000000 0
1125 0.000000 0
1126 0.000000 0
1127 0.000000 0
1128 0.000000 0
1129 0.000000 0
1130 0.000000 0
1131 0.000000 0
1132 0.000000 0
1133 0.000000 0
1134 0.000000 0
1135 0.000000 0
1136 0.000000 0
1137 0.000000 5
1138 0.000000 3
1139 0.000000 1
1140 0.000000 0
1141 0.000000 6
1142 0.000000 11
1143 0.000000 0
1144 0.000000 2
1145 0.000000 10
1146 0.000000 0
1147 0.000000 17
1148 0.000000 0
1149 0.000000 13
1150 0.000000 0
1151 0.000000 0
1152 0.000000 0
1153 0.000000 0
1154 0.000000 0
1155 0.000000 0
1156 0.000000 0
1157 0.000000 0
1158 0.000000 0
1159 0.000000 0
1160 0.000000 0
1161 1.957379 110
1162 0.000000 0
1163 0.000000 0
1164 0.000000 0
1165 0.000000 0
1166 0.000000 0
1167 0.000000 0
1168 0.000000 3
1169 0.000000 14
1170 0.000000 0
1171 0.000000 4
1172 0.000000 2
1173 0.000000 16
1174 0.000000 16
1175 0.000000 11
1176 0.000000 1
1177 0.000000 1
1178 0.000000 0
1179 0.000000 2
1180 0.000000 6
1181 0.000000 9
1182 0.000000 0
1183 0.000000 11
1184 0.000000 0
1185 0.000000 16
1186 0.000000 0
1187 0.000000 4
1188 0.000000 18
1189 0.000000 29
1190 0.000000 12
1191 0.000000 19
1192 0.000000 16
1193 0.000000 10
1194 0.000000 13
1195 0.000000 9
1196 0.000000 21
1197 0.000000 24
1198 0.000000 16
1199 0.000000 38
1200 0.000000 0
1201 0.000000 0
1202 0.000000 1
1203 0.000000 0
1204 0.000000 6
1205 0.000000 9
1206 0.000000 13
1207 0.000000 3
1208 0.000000 20
1209 0.042835 226
1210 -0.242729 386
1211 0.764147 710
1212 0.315086 126
1213 -1.301353 659
1214 -3.099203 252
1215 0.000000 0
1216 0.000000 2
1217 1.471241 1549
1218 2.355099 1208
1219 0.000000 9
1220 0.755736 479
1221 -0.000869 545
1222 0.264964 227
1223 0.859392 590
1224 1.575749 798
1225 -0.938237 220
1226 -2.308885 254
1227 0.173778 1063
1228 0.000000 0
1229 0.461411 635
1230 0.316240 1321
1231 0.000000 0
1232 0.000000 1
1233 -3.920938 884
1234 -3.830842 946
1235 0.000000 0
1236 -5.010632 1318
1237 -4.347044 1234
1238 -4.917721 1195
1239 -5.031760 439
1240 -3.083599 1058
1241 -5.081886 1073
1242 -4.149289 679
1243 -5.043356 1596
1244 -3.925017 1574
1245 -3.899634 1840
1246 -5.041502 2035
1247 0.000000 0
1248 -10.610398 1562
1249 0.000000 0
1250 -7.186961 1285
1251 -8.839399 1207
1252 0.000000 0
1253 -8.958169 1428
1254 -9.242962 1274
1255 -7.642701 1882
1256 -7.354820 975
1257 -8.860390 705
1258 -8.030485 944
1259 -9.691417 660
1260 -9.021538 117
1261 0.000000 0
1262 -11.131974 724
1263 0.000000 69
1264 -11.754929 2284
1265 -10.894110 2622
1266 0.000000 0
1267 0.000000 0
1268 -10.589944 2719
1269 0.000000 2830
1270 -9.938607 1442
1271 -9.110262 617
1272 -9.938101 368
1273 -11.333613 562
1274 0.000000 0
1275 -7.703365 1089
1276 0.000000 11
1277 -10.118974 228
1278 0.000000 69
1279 -5.997548 439
1280 -13.059711 486
1281 -12.296266 433
1282 0.000000 0
1283 -11.726723 350
1284 -12.252506 246
1285 0.000000 0
1286 -10.475887 322
1287 -11.258682 205
1288 -11.016677 114
1289 0.000000 46
1290 0.000000 13
1291 0.000000 32
1292 0.000000 7
1293 0.000000 3
1294 0.000000 0
1295 0.000000 0
1296 0.000000 0
1297 0.000000 0
1298 0.000000 0
1299 0.000000 0
1300 0.000000 0
1301 0.000000 0
1302 0.000000 0
1303 0.000000 0
1304 0.000000 0
1305 0.000000 0
1306 0.000000 0
1307 0.000000 0
1308 0.000000 0
1309 0.000000 0
1310 0.000000 0
1311 0.000000 0
1312 0.000000 0
1313 0.000000 0
1314 0.000000 0
1315 0.000000 0
1316 0.000000 0
1317 0.000000 0
1318 0.000000 0
1319 0.000000 0
1320 0.000000 0
1321 0.000000 0
1322 0.000000 0
1323 0.000000 0
1324 0.000000 0
1325 0.000000 0
1326 0.000000 0
1327 0.000000 0
1328 0.000000 0
1329 0.000000 0
1330 0.000000 0
1331 0.000000 0
1332 0.000000 0
1333 0.000000 0
1334 0.000000 0
1335 0.000000 0
1336 0.000000 0
1337 0.000000 0
1338 0.000000 0
1339 0.000000 0
1340 0.000000 0
1341 0.000000 0
1342 0.000000 0
1343 0.000000 0
1344 0.000000 0
1345 0.000000 0
1346 0.000000 0
1347 0.000000 0
1348 0.000000 0
1349 0.000000 0
1350 0.000000 0
1351 0.000000 0
1352 0.000000 0
1353 0.000000 0
1354 0.000000 0
1355 0.000000 0
1356 0.000000 0
1357 0.000000 0
1358 0.000000 0
1359 0.000000 0
1360 0.000000 0
1361 0.000000 0
1362 0.000000 0
1363 0.000000 0
1364 0.000000 0
1365 0.000000 0
1366 0.000000 0
1367 0.000000 0
1368 0.000000 0
1369 0.000000 0
1370 0.000000 0
1371 0.000000 0
1372 0.000000 0
1373 0.000000 0
1374 0.000000 0
1375 0.000000 0
1376 0.000000 0
1377 0.000000 0
1378 0.000000 0
1379 0.000000 0
1380 0.000000 0
1381 0.000000 0
1382 0.000000 1
1383 0.000000 0
1384 0.000000 0
1385 0.000000 0
1386 0.000000 0
1387 0.000000 1
1388 0.000000 0
1389 0.000000 0
1390 0.000000 0
1391 0.000000 0
1392 0.000000 0
1393 0.000000 0
1394 0.000000 0
1395 0.000000 0
1396 0.000000 1
1397 0.000000 0
1398 0.000000 0
1399 0.000000 0
1400 0.000000 3
1401 0.000000 1
1402 0.000000 4
1403 0.000000 0
1404 0.000000 3
1405 0.000000 0
1406 0.000000 3
1407 0.000000 3
1408 0.000000 5
1409 0.000000 0
1410 0.000000 3
1411 0.000000 7
1412 0.000000 19
1413 0.000000 11
1414 0.000000 13
1415 0.000000 10
1416 0.000000 26
1417 0.000000 8
1418 0.000000 18
1419 0.000000 2
1420 0.000000 0
1421 0.000000 7
1422 0.000000 18
1423 0.000000 0
1424 0.000000 4
1425 0.000000 29
1426 0.000000 46
1427 0.000000 5
1428 0.000000 0
1429 0.000000 15
1430 0.000000 10
1431 0.000000 8
1432 0.000000 0
1433 0.000000 0
1434 0.000000 0
1435 0.000000 3
1436 0.000000 2
1437 0.000000 0
1438 0.000000 0
1439 0.000000 0
1440 0.000000 1
1441 0.000000 72
1442 0.000000 75
1443 0.000000 0
1444 0.000000 40
1445 0.000000 53
1446 0.000000 92
1447 0.000000 87
1448 0.000000 42
1449 0.000000 60
1450 0.000000 87
1451 0.000000 44
1452 0.000000 0
1453 0.000000 12
1454 0.000000 7
1455 0.000000 0
1456 0.000000 7
1457 0.000000 2
1458 0.000000 4
1459 0.000000 0
1460 0.000000 3
1461 0.000000 0
1462 0.000000 1
1463 0.000000 1
1464 0.000000 1
1465 0.000000 4
1466 0.000000 3
1467 0.000000 31
1468 0.000000 0
1469 0.000000 32
1470 0.000000 45
1471 0.000000 0
1472 0.000000 50
1473 0.000000 72
1474 0.000000 4
1475 0.000000 48
1476 0.000000 77
1477 -1.512985 158
1478 -0.410795 160
1479 2.891473 102
1480 -0.243395 167
1481 0.410332 148
1482 0.000000 90
1483 0.000000 71
1484 0.000000 29
1485 0.000000 49
1486 0.000000 0
1487 0.000000 0
1488 0.000000 0
1489 0.000000 0
1490 0.000000 0
1491 0.000000 0
1492 0.000000 0
1493 0.000000 0
1494 0.000000 0
1495 5.579561 598
1496 6.510186 624
1497 5.302815 434
1498 7.411564 611
1499 6.339788 632
1500 0.000000 0
1501 0.000000 20
1502 4.878801 188
1503 0.000000 0
1504 0.331398 193
1505 0.000000 67
1506 -2.430930 228
1507 -2.945429 109
1508 -2.759722 127
1509 -3.516767 163
1510 0.000000 0
1511 -2.865245 325
1512 -1.676779 389
1513 -1.783010 314
1514 -1.053970 192
1515 -3.334959 114
1516 0.000000 0
1517 -1.524854 110
1518 0.000000 85
1519 0.000000 0
1520 0.000000 0
1521 0.000000 44
1522 0.000000 80
1523 0.000000 0
1524 -2.771859 109
1525 0.000000 84
1526 -3.994355 265
1527 -4.079658 280
1528 -1.985677 328
1529 0.000000 91
1530 0.000000 4
1531 0.000000 45
1532 0.000000 90
1533 0.000000 39
1534 -0.138224 132
1535 -3.155356 196
1536 0.000000 0
1537 0.000000 18
1538 0.000000 19
1539 0.000000 47
1540 0.000000 50
1541 0.000000 70
1542 0.000000 27
1543 0.000000 14
1544 0.000000 0
1545 0.000000 0
1546 0.000000 0
1547 0.000000 0
1548 0.000000 0
1549 0.000000 0
1550 0.000000 0
1551 0.000000 0
1552 5.542213 261
1553 -2.235464 284
1554 -2.313264 273
1555 0.000000 94
1556 -3.323046 195
1557 0.000000 0
1558 -2.567912 310
1559 0.000000 29
1560 -3.924508 93
1561 0.000000 22
1562 0.000000 10
1563 0.000000 21
1564 0.000000 21
1565 0.000000 6
1566 0.000000 61
1567 0.000000 0
1568 0.000000 0
1569 0.000000 52
1570 0.000000 16
1571 0.000000 15
1572 0.000000 43
1573 0.000000 30
1574 0.000000 44
1575 0.000000 34
1576 9.919450 212
1577 9.267110 214
1578 9.330647 177
1579 8.524356 158
1580 0.000000 4
1581 0.000000 60
1582 0.000000 30
1583 0.000000 0
1584 0.000000 0
1585 0.000000 34
1586 0.000000 41
1587 0.000000 10
1588 4.156108 114
1589 5.156794 102
1590 5.825739 193
1591 4.703239 273
1592 5.367149 282
1593 6.782985 238
1594 6.697577 187
1595 0.000000 56
1596 5.352777 117
1597 0.000000 0
1598 0.000000 64
1599 0.000000 5
1600 0.000000 74
1601 0.000000 72
1602 4.011740 224
1603 0.000000 0
1604 0.000000 42
1605 2.781895 284
1606 4.054222 325
1607 2.268646 109
1608 2.570782 328
1609 3.158038 375
1610 3.177858 438
1611 2.135126 170
1612 0.000000 32
1613 0.000000 78
1614 0.000000 77
1615 0.000000 0
1616 5.467580 257
1617 0.000000 0
1618 0.000000 82
1619 3.664230 174
1620 2.830885 115
1621 0.000000 42
1622 0.000000 34
1623 0.000000 4
1624 1.824639 297
1625 0.422039 196
1626 2.542403 319
1627 0.000000 10
1628 0.000000 48
1629 0.000000 0
1630 0.000000 69
1631 0.122753 115
1632 6.758162 145
1633 3.299265 104
1634 4.027897 111
1635 0.000000 70
1636 0.000000 82
1637 0.000000 79
1638 0.000000 54
1639 0.000000 54
1640 4.909481 125
1641 3.329781 173
1642 2.625590 164
1643 2.387578 138
1644 0.000000 32
1645 0.000000 20
1646 0.000000 0
1647 0.000000 0
1648 0.000000 0
1649 0.000000 92
1650 6.348676 137
1651 0.000000 54
1652 5.324584 116
1653 5.756725 216
1654 0.000000 0
1655 5.938213 144
1656 0.000000 34
1657 0.000000 18
1658 0.000000 13
1659 0.000000 10
1660 0.000000 0
1661 0.000000 1
1662 0.000000 0
1663 0.000000 0
1664 0.000000 23
1665 0.000000 5
1666 0.000000 46
1667 0.000000 0
1668 0.000000 49
1669 0.000000 2
1670 -4.326739 103
1671 0.000000 29
1672 0.000000 29
1673 0.000000 26
1674 10.370641 189
1675 0.000000 40
1676 0.000000 0
1677 0.000000 44
1678 10.973618 207
1679 0.000000 0
1680 11.411043 214
1681 8.181423 432
1682 8.670670 368
1683 7.670482 241
1684 0.000000 262
1685 6.665333 183
1686 6.961235 222
1687 8.033995 226
1688 8.168254 153
1689 5.712854 173
1690 7.668172 349
1691 8.992646 360
1692 0.000000 0
1693 8.770261 250
1694 9.579552 185
1695 0.000000 0
1696 0.000000 10
1697 0.000000 0
1698 0.000000 0
1699 0.000000 0
1700 0.000000 0
1701 0.000000 0
1702 0.000000 0
1703 0.000000 0
1704 0.000000 0
1705 0.000000 0
1706 0.000000 0
1707 0.000000 0
1708 0.000000 0
1709 0.000000 0
1710 0.000000 0
1711 0.000000 0
1712 0.000000 38
1713 0.000000 9
1714 0.000000 10
1715 0.000000 0
1716 0.000000 58
1717 0.000000 59
1718 0.000000 36
1719 0.000000 34
1720 6.375145 108
1721 5.150501 192
1722 5.097438 167
1723 0.000000 83
1724 6.732907 153
1725 0.000000 0
1726 0.000000 88
1727 3.536120 151
1728 4.493931 346
1729 0.000000 17
1730 0.000000 31
1731 0.000000 13
1732 0.000000 0
1733 0.000000 8
1734 0.000000 12
1735 0.000000 13
1736 0.000000 34
1737 0.000000 43
1738 0.000000 31
1739 0.000000 21
1740 0.000000 21
1741 0.000000 8
1742 0.000000 33
1743 0.000000 0
1744 0.000000 0
1745 0.000000 2
1746 0.000000 6
1747 0.000000 7
1748 0.000000 80
1749 0.000000 68
1750 -1.948870 168
1751 -0.450936 188
1752 -1.007273 589
1753 -1.872229 188
1754 0.000000 0
1755 -0.332079 536
1756 2.126192 503
1757 0.000000 0
1758 -0.246889 98
1759 0.740865 278
1760 1.913978 1369
1761 0.000000 0
1762 -0.582258 1157
1763 -0.034297 472
1764 -0.533181 117
1765 -1.368591 162
1766 0.000000 97
1767 -0.658724 118
1768 1.080317 154
1769 1.310897 253
1770 0.000000 0
1771 0.000000 93
1772 0.265890 111
1773 1.279571 205
1774 2.773298 360
1775 2.643298 1658
1776 9.400811 3898
1777 4.558577 3095
1778 0.000000 0
1779 6.656755 1860
1780 5.288716 871
1781 5.394232 1287
1782 4.559522 611
1783 6.899001 956
1784 6.677226 1975
1785 5.803969 1117
1786 0.000000 0
1787 3.157040 647
1788 5.394932 350
1789 7.725505 166
1790 4.876864 398
1791 5.538248 820
1792 0.000000 78
1793 4.441290 252
1794 0.000000 32
1795 0.000000 60
1796 3.901027 604
1797 4.021753 1369
1798 4.135026 1192
1799 0.000000 31
1800 3.247611 1288
1801 3.923634 1308
1802 2.886543 1398
1803 1.688393 561
1804 0.000000 0
1805 0.981638 398
1806 0.253989 252
1807 0.000000 0
1808 0.000000 43
1809 0.000000 24
1810 0.121171 139
1811 0.000000 26
1812 1.364376 191
1813 0.000000 93
1814 1.025439 1444
1815 0.461926 1226
1816 -0.747912 1224
1817 0.510761 2393
1818 1.622091 2028
1819 0.595147 182
1820 0.000000 0
1821 -0.136397 368
1822 0.172167 116
1823 0.000000 0
1824 1.510433 101
1825 -2.274331 308
1826 0.393354 826
1827 0.632566 751
1828 -0.409124 161
1829 0.358665 950
1830 1.163080 2255
1831 0.370823 2466
1832 0.917973 2588
1833 0.727939 2934
1834 0.797342 3073
1835 -0.117464 2202
1836 0.000000 0
1837 -2.108001 1314
1838 -0.252733 740
1839 0.000000 0
1840 4.411730 314
1841 0.966293 273
1842 1.174652 176
1843 0.782764 100
1844 0.000000 93
1845 0.000000 26
1846 0.000000 9
1847 0.000000 12
1848 1.328234 146
1849 0.000000 9
1850 -0.280524 104
1851 0.000000 27
1852 -0.247920 160
1853 -0.593676 100
1854 0.000000 0
1855 0.000000 0
1856 0.000000 0
1857 -1.991089 736
1858 0.259064 186
1859 -0.293657 357
1860 -1.024346 530
1861 0.000000 12
1862 0.000000 0
1863 0.000000 0
1864 -1.086546 692
1865 -0.446348 736
1866 -1.049471 996
1867 -1.598951 1019
1868 0.000000 0
1869 -1.160847 1269
1870 0.000000 0
1871 0.000000 0
1872 -0.068005 436
1873 -3.651361 179
1874 -1.484970 510
1875 0.000000 26
1876 0.334567 1050
1877 0.000000 0
1878 -0.218787 1299
1879 -0.330380 1653
1880 0.000000 64
1881 -1.547880 115
1882 0.000000 73
1883 0.141776 354
1884 0.000000 29
1885 0.000000 37
1886 0.000000 44
1887 0.000000 0
1888 5.745924 950
1889 4.574345 776
1890 6.054262 415
1891 6.285600 557
1892 5.840508 565
1893 5.165726 918
1894 3.926056 1069
1895 3.856263 925
1896 -8.460448 269
1897 2.415694 632
1898 2.874319 422
1899 2.407257 555
1900 0.000000 54
1901 4.021474 446
1902 0.000000 0
1903 0.000000 0
1904 6.044259 338
1905 3.187441 248
1906 3.014790 136
1907 3.291760 351
1908 4.524501 314
1909 3.999175 261
1910 5.814697 422
1911 5.041792 263
1912 7.064532 429
1913 6.603300 221
1914 5.904479 245
1915 6.949804 464
1916 0.000000 0
1917 0.000000 74
1918 3.684725 182
1919 0.000000 0
1920 0.000000 34
1921 -5.395478 307
1922 0.000000 6
1923 0.000000 69
1924 0.000000 83
1925 -3.062638 287
1926 -4.191003 195
1927 0.000000 95
1928 -5.625938 293
1929 -5.686001 330
1930 -5.343956 502
1931 -5.290803 714
1932 -5.620705 263
1933 -3.948081 948
1934 0.000000 0
1935 0.000000 0
1936 -7.586171 355
1937 0.000000 89
1938 -11.915259 167
1939 0.000000 42
1940 -10.362547 375
1941 -11.978367 528
1942 0.000000 0
1943 -10.055701 144
1944 -11.731137 315
1945 -12.195172 329
1946 -11.962372 510
1947 -14.832706 683
1948 -13.292181 560
1949 0.000000 39
1950 -15.339016 554
1951 0.000000 0
1952 -6.496574 341
1953 0.000000 34
1954 -9.932791 202
1955 -8.130856 234
1956 0.000000 56
1957 0.000000 84
1958 0.000000 35
1959 0.000000 40
1960 0.000000 37
1961 0.000000 41
1962 0.000000 35
1963 0.000000 4
1964 0.000000 0
1965 0.000000 2
1966 0.000000 13
1967 0.000000 0
1968 0.000000 8
1969 0.000000 3
1970 0.000000 3
1971 0.000000 0
1972 0.000000 0
1973 0.000000 0
1974 0.000000 0
1975 0.000000 1
1976 0.000000 0
1977 0.000000 0
1978 0.000000 0
1979 0.000000 0
1980 0.000000 0
1981 0.000000 0
1982 0.000000 0
1983 0.000000 0
1984 0.000000 0
1985 0.000000 0
1986 0.000000 0
1987 0.000000 0
1988 0.000000 0
1989 0.000000 0
1990 0.000000 0
1991 0.000000 0
1992 0.000000 0
1993 0.000000 0
1994 0.000000 0
1995 0.000000 0
1996 0.000000 0
1997 0.000000 0
1998 0.000000 0
1999 0.000000 0
2000 0.000000 0
2001 0.000000 0
2002 0.000000 0
2003 0.000000 0
2004 0.000000 0
2005 0.000000 0
2006 0.000000 0
2007 0.000000 0
2008 0.000000 0
2009 0.000000 0
2010 0.000000 0
2011 0.000000 0
2012 0.000000 0
2013 0.000000 0
2014 0.000000 0
2015 0.000000 0
2016 0.000000 0
2017 0.000000 0
2018 0.000000 0
2019 0.000000 0
2020 0.000000 0
2021 0.000000 0
2022 0.000000 0
2023 0.000000 0
2024 0.000000 0
2025 0.000000 0
2026 0.000000 0
2027 0.000000 0
2028 0.000000 0
2029 0.000000 0
2030 0.000000 0
2031 0.000000 0
2032 0.000000 0
2033 0.000000 0
2034 0.000000 0
2035 0.000000 0
2036 0.000000 0
2037 0.000000 0
2038 0.000000 0
2039 0.000000 0
2040 0.000000 0
2041 0.000000 0
2042 0.000000 0
2043 0.000000 0
2044 0.000000 0
2045 0.000000 0
2046 0.000000 0
2047 0.000000 0
2048 0.000000 0
2049 0.000000 0
2050 0.000000 0
2051 0.000000 0
2052 0.000000 0
2053 0.000000 2
2054 0.000000 0
2055 0.000000 1
2056 0.000000 0
2057 0.000000 2
2058 0.000000 0
2059 0.000000 1
2060 0.000000 0
2061 0.000000 1
2062 0.000000 0
2063 0.000000 0
2064 0.000000 0
2065 0.000000 4
2066 0.000000 3
2067 0.000000 0
2068 0.000000 0
2069 0.000000 21
2070 0.000000 15
2071 0.000000 34
2072 0.000000 18
2073 0.000000 20
2074 0.000000 39
2075 0.000000 55
2076 4.182565 172
2077 1.912101 310
2078 1.603338 157
2079 5.265132 221
2080 0.000000 0
2081 0.000000 0
2082 0.000000 0
2083 0.000000 0
2084 0.000000 0
2085 0.000000 0
2086 0.000000 0
2087 0.000000 0
2088 0.000000 0
2089 0.000000 0
2090 0.000000 0
2091 0.000000 0
2092 0.000000 0
2093 0.000000 0
2094 0.000000 0
2095 0.000000 2
2096 0.000000 2
2097 0.000000 6
2098 0.000000 2
2099 0.000000 0
2100 0.000000 23
2101 0.000000 13
2102 0.000000 11
2103 0.000000 13
2104 0.000000 0
2105 0.000000 60
2106 0.000000 53
2107 0.000000 32
2108 0.000000 12
2109 0.000000 23
2110 0.000000 11
2111 0.000000 26
2112 0.000000 0
2113 0.000000 13
2114 0.000000 14
2115 0.000000 2
2116 0.000000 14
2117 0.000000 8
2118 0.000000 15
2119 0.000000 12
2120 0.000000 12
2121 0.000000 6
2122 0.000000 0
2123 0.000000 0
2124 0.000000 0
2125 0.000000 0
2126 0.000000 0
2127 0.000000 0
2128 0.000000 0
2129 0.000000 0
2130 0.000000 0
2131 0.000000 0
2132 0.000000 19
2133 0.000000 35
2134 0.000000 28
2135 0.000000 30
2136 0.000000 0
2137 0.000000 0
2138 0.000000 0
2139 0.000000 0
2140 0.000000 0
2141 0.000000 0
2142 0.000000 0
2143 0.000000 0
2144 0.000000 0
2145 0.000000 25
2146 9.891189 245
2147 0.000000 0
2148 12.396090 303
2149 0.000000 107
2150 11.734102 361
2151 11.206219 392
2152 11.328779 311
2153 10.948794 378
2154 11.095184 281
2155 0.000000 63
2156 0.000000 14
2157 0.000000 0
2158 12.653060 118
2159 0.000000 6
2160 0.000000 0
2161 8.815232 172
2162 0.000000 9
2163 0.000000 0
2164 4.083552 173
2165 7.829342 248
2166 5.279221 255
2167 4.688071 152
2168 0.000000 0
2169 0.000000 0
2170 0.000000 0
2171 0.000000 0
2172 0.000000 0
2173 9.944063 243
2174 0.000000 44
2175 10.413460 252
2176 0.000000 0
2177 0.000000 0
2178 0.000000 0
2179 0.000000 0
2180 0.000000 0
2181 0.000000 0
2182 0.000000 0
2183 0.000000 0
2184 0.000000 0
2185 0.000000 0
2186 0.000000 0
2187 0.000000 0
2188 0.000000 0
2189 0.000000 0
2190 0.000000 0
2191 0.000000 0
2192 0.000000 0
2193 0.000000 0
2194 0.000000 0
2195 0.000000 0
2196 0.000000 0
2197 0.000000 0
2198 0.000000 0
2199 0.000000 0
2200 0.000000 0
2201 0.000000 0
2202 0.000000 0
2203 0.000000 0
2204 0.000000 0
2205 0.000000 0
2206 0.000000 0
2207 0.000000 0
2208 0.000000 0
2209 8.211111 205
2210 12.662942 132
2211 0.000000 15
2212 0.000000 21
2213 0.000000 15
2214 0.000000 21
2215 0.000000 15
2216 0.000000 15
2217 0.000000 19
2218 0.000000 43
2219 0.000000 13
2220 11.517363 230
2221 0.000000 0
2222 10.165484 621
2223 0.000000 23
2224 0.000000 28
2225 0.000000 12
2226 0.000000 19
2227 0.000000 0
2228 0.000000 40
2229 0.000000 28
2230 11.435358 103
2231 5.566242 98
2232 0.000000 0
2233 9.723415 108
2234 9.142939 154
2235 8.854602 298
2236 8.286926 161
2237 6.413876 100
2238 8.157094 116
2239 0.000000 0
2240 0.000000 30
2241 1.456930 352
2242 3.184234 422
2243 0.000000 0
2244 2.206734 452
2245 2.621931 686
2246 2.779708 497
2247 2.893824 238
2248 2.725965 112
2249 0.063398 121
2250 0.000000 65
2251 1.625597 153
2252 0.000000 73
2253 0.000000 24
2254 0.000000 0
2255 0.000000 75
2256 0.000000 8
2257 1.158791 185
2258 3.175673 125
2259 0.000000 0
2260 -0.817433 135
2261 0.166755 356
2262 -0.889888 414
2263 0.495745 282
2264 0.901902 178
2265 0.000000 89
2266 0.000000 33
2267 0.000000 43
2268 0.000000 17
2269 0.000000 49
2270 0.000000 35
2271 0.000000 0
2272 -3.032381 264
2273 -3.174864 484
2274 1.217672 402
2275 0.000000 0
2276 0.565748 280
2277 0.465757 464
2278 0.108047 407
2279 0.000000 0
2280 1.990212 166
2281 -2.360429 215
2282 0.336714 347
2283 0.000000 0
2284 3.533987 239
2285 0.773353 137
2286 0.000000 97
2287 0.000000 0
2288 0.000000 25
2289 0.000000 35
2290 0.000000 22
2291 0.000000 23
2292 0.000000 13
2293 -3.448071 261
2294 -3.760812 127
2295 -3.435838 126
2296 0.000000 7
2297 0.000000 10
2298 0.000000 79
2299 -4.859689 108
2300 0.000000 0
2301 0.000000 74
2302 0.000000 57
2303 0.000000 0
2304 0.000000 9
2305 0.000000 64
2306 0.973077 151
2307 0.000000 0
2308 0.034279 147
2309 -0.254725 143
2310 -0.405826 165
2311 -0.645922 104
2312 0.000000 57
2313 0.000000 56
2314 0.000000 90
2315 -1.365967 110
2316 0.000000 0
2317 0.000000 70
2318 0.000000 41
2319 0.000000 70
2320 0.000000 0
2321 0.000000 3
2322 0.000000 3
2323 0.000000 4
2324 0.000000 17
2325 0.000000 25
2326 0.000000 17
2327 0.000000 52
2328 0.000000 42
2329 0.000000 52
2330 0.000000 36
2331 0.000000 46
2332 0.000000 34
2333 0.000000 79
2334 0.000000 0
2335 0.000000 67
2336 0.000000 10
2337 4.135893 247
2338 2.023463 178
2339 0.000000 0
2340 3.397233 338
2341 4.018335 272
2342 2.432433 431
2343 3.157573 414
2344 2.670005 209
2345 2.943291 232
2346 3.601449 187
2347 4.924652 282
2348 0.000000 0
2349 5.802123 463
2350 5.394971 487
2351 9.055126 484
2352 0.000000 0
2353 11.305527 279
2354 0.000000 118
2355 0.000000 0
2356 10.576909 264
2357 10.257045 352
2358 11.265428 137
2359 0.000000 36
2360 0.000000 41
2361 0.000000 27
2362 0.000000 43
2363 0.000000 73
2364 0.000000 40
2365 0.000000 97
2366 9.426645 553
2367 0.000000 0
2368 0.000000 47
2369 0.000000 0
2370 0.000000 182
2371 3.984026 99
2372 9.238105 571
2373 6.290295 439
2374 5.645972 423
2375 3.248541 269
2376 5.321719 203
2377 0.000000 85
2378 1.625296 101
2379 0.000000 70
2380 0.000000 19
2381 0.000000 0
2382 0.000000 18
2383 0.000000 0
2384 0.000000 0
2385 6.196196 100
2386 0.000000 2
2387 5.749322 236
2388 3.873310 188
2389 3.965818 153
2390 3.728186 146
2391 4.763878 126
2392 2.569368 234
2393 1.939168 216
2394 2.957098 414
2395 0.000000 0
2396 0.000000 17
2397 0.000000 38
2398 0.000000 30
2399 9.505465 195
2400 0.000000 179
2401 10.825611 561
2402 8.785982 359
2403 10.354483 510
2404 9.278260 369
2405 0.000000 0
2406 8.972586 842
2407 8.285709 1031
2408 8.939214 1517
2409 0.000000 0
2410 8.325569 2255
2411 9.030365 2616
2412 8.968258 2663
2413 9.071507 1527
2414 6.429805 347
2415 0.000000 298
2416 0.000000 0
2417 6.659638 201
2418 6.433842 316
2419 7.508777 160
2420 5.960902 110
2421 0.000000 4
2422 0.000000 0
2423 6.968149 153
2424 6.587441 107
2425 6.122201 176
2426 4.941845 240
2427 6.040222 1290
2428 6.334401 459
2429 4.739116 111
2430 0.000000 33
2431 7.503298 129
2432 0.000000 0
2433 4.281785 145
2434 3.225478 177
2435 0.000000 0
2436 3.450608 252
2437 3.197913 270
2438 4.050213 723
2439 2.898851 335
2440 2.095329 230
2441 3.130189 970
2442 2.289673 1066
2443 0.000000 73
2444 2.974750 423
2445 2.475763 282
2446 3.061209 486
2447 5.997642 393
2448 0.000000 0
2449 0.000000 64
2450 0.000000 60
2451 0.000000 0
2452 8.491996 813
2453 8.645897 130
2454 9.151135 333
2455 8.189180 417
2456 8.779116 194
2457 0.000000 63
2458 7.808092 110
2459 0.000000 46
2460 0.000000 38
2461 0.000000 39
2462 0.000000 48
2463 0.000000 17
2464 0.000000 0
2465 0.000000 0
2466 0.000000 0
2467 0.000000 0
2468 0.000000 0
2469 0.000000 0
2470 0.000000 0
2471 0.000000 0
2472 0.000000 0
2473 0.000000 0
2474 0.000000 0
2475 0.000000 0
2476 0.000000 1
2477 0.000000 0
2478 0.000000 0
2479 0.000000 0
2480 0.000000 0
2481 0.000000 0
2482 0.000000 0
2483 0.000000 0
2484 0.000000 0
2485 0.000000 0
2486 0.000000 0
2487 0.000000 0
2488 0.000000 0
2489 0.000000 0
2490 0.000000 0
2491 0.000000 0
2492 0.000000 0
2493 0.000000 0
2494 0.000000 0
2495 0.000000 0
2496 0.000000 0
2497 0.000000 1
2498 0.000000 0
2499 0.000000 0
2500 0.000000 0
2501 0.000000 0
2502 0.000000 0
2503 0.000000 0
2504 0.000000 0
2505 0.000000 0
2506 0.000000 1
2507 0.000000 0
2508 0.000000 0
2509 0.000000 0
2510 0.000000 0
2511 0.000000 0
2512 0.000000 0
2513 0.000000 0
2514 0.000000 3
2515 0.000000 0
2516 0.000000 0
2517 0.000000 0
2518 0.000000 0
2519 0.000000 4
2520 0.000000 1
2521 0.000000 3
2522 0.000000 1
2523 0.000000 0
2524 0.000000 0
2525 0.000000 0
2526 0.000000 0
2527 0.000000 0
2528 0.000000 0
2529 0.000000 1
2530 0.000000 1
2531 0.000000 0
2532 0.000000 6
2533 0.000000 0
2534 0.000000 11
2535 0.000000 17
2536 0.000000 9
2537 0.000000 0
2538 0.000000 8
2539 0.000000 0
2540 0.000000 14
2541 0.000000 3
2542 0.000000 0
2543 0.000000 0
2544 0.000000 0
2545 0.000000 8
2546 0.000000 1
2547 0.000000 0
2548 0.000000 15
2549 0.000000 11
2550 0.000000 5
2551 0.000000 0
2552 0.000000 1
2553 0.000000 1
2554 0.000000 0
2555 0.000000 0
2556 0.000000 1
2557 0.000000 0
2558 0.000000 0
2559 0.000000 0
2560 0.000000 19
2561 3.251358 906
2562 3.481982 745
2563 0.000000 0
2564 2.059027 522
2565 0.892230 392
2566 1.528544 924
2567 0.680212 1327
2568 0.269216 556
2569 1.913744 448
2570 0.000000 0
2571 2.383482 579
2572 1.845149 552
2573 1.334186 475
2574 0.355758 702
2575 2.089598 715
2576 0.000000 0
2577 0.000000 0
2578 0.490655 442
2579 0.905282 981
2580 0.653432 929
2581 -0.065385 979
2582 -1.689325 470
2583 -0.997342 606
2584 -1.369795 934
2585 -0.049867 1314
2586 -1.164557 1104
2587 0.995614 1329
2588 0.000000 0
2589 -0.024332 1172
2590 -0.227181 1266
2591 0.000000 0
2592 0.000000 0
2593 -0.865577 1881
2594 1.048730 2766
2595 0.000000 54
2596 0.384935 3300
2597 0.290821 3950
2598 0.492948 3467
2599 1.170379 2527
2600 -0.545549 2261
2601 -0.529063 3110
2602 -1.265425 3817
2603 -0.460785 2347
2604 -0.595789 1642
2605 0.000000 34
2606 0.000000 0
2607 0.000000 0
2608 0.000000 20
2609 0.221688 1736
2610 0.000000 20
2611 0.000000 0
2612 -0.055922 650
2613 0.374341 733
2614 0.659094 1135
2615 1.066780 2508
2616 0.462549 2242
2617 -1.009875 1070
2618 -0.631551 2591
2619 0.000000 3051
2620 0.051044 488
2621 0.000000 0
2622 -2.210213 522
2623 0.000000 34
2624 4.638972 933
2625 4.145473 820
2626 3.104140 284
2627 4.863963 349
2628 3.518453 316
2629 2.993965 617
2630 4.586925 618
2631 4.087567 516
2632 2.352899 403
2633 0.000000 0
2634 1.970150 320
2635 3.469649 367
2636 0.000000 0
2637 3.229039 208
2638 0.000000 56
2639 0.000000 71
2640 0.000000 10
2641 0.000000 8
2642 0.000000 7
2643 0.000000 0
2644 0.000000 5
2645 0.000000 0
2646 0.000000 0
2647 0.000000 0
2648 0.000000 0
2649 0.000000 0
2650 0.000000 0
2651 0.000000 0
2652 0.000000 0
2653 0.000000 0
2654 0.000000 0
2655 0.000000 0
2656 0.000000 0
2657 0.000000 0
2658 0.000000 0
2659 0.000000 0
2660 0.000000 0
2661 0.000000 0
2662 0.000000 0
2663 0.000000 0
2664 0.000000 0
2665 0.000000 0
2666 0.000000 0
2667 0.000000 0
2668 0.000000 0
2669 0.000000 0
2670 0.000000 0
2671 0.000000 0
2672 0.000000 0
2673 0.000000 0
2674 0.000000 0
2675 0.000000 0
2676 0.000000 0
2677 0.000000 0
2678 0.000000 0
2679 0.000000 0
2680 0.000000 0
2681 0.000000 0
2682 0.000000 0
2683 0.000000 0
2684 0.000000 0
2685 0.000000 0
2686 0.000000 0
2687 0.000000 0

[ECalTiming]
p0 20.723971
p1 0.817569

[TimeWalk]
p1_L1 13.795718
p1_L2 16.740445
totref_L1 12.000000
totref_L2 12.000000
totmin 5.000000
totmax 30.000000
