# CDet master calibration constants

[BarOffsets]
1 0.000000
2 0.000000
3 0.000000
4 0.000000
5 -2.582011
6 0.000000
7 4.470277
8 -2.728060
9 -0.399856
10 -1.297479
11 -2.181213
12 -2.719647
13 3.767857
14 0.661633
15 -0.672981
16 2.414216
17 1.144435
18 3.564405
19 4.916401
20 6.225223
21 7.285790
22 4.455401
23 2.839135
24 0.988915
25 0.000000
26 -0.629628
27 3.324008
28 5.743509
29 0.607370
30 6.318709
31 2.796562
32 1.356422
33 -3.612618
34 4.591846
35 6.593841
36 3.354519
37 5.654679
38 1.913659
39 0.000000
40 0.000000
41 0.000000
42 0.000000
43 0.000000
44 0.000000
45 0.000000
46 0.000000
47 0.000000
48 0.000000
49 0.000000
50 -0.812915
51 -7.254228
52 2.001394
53 -6.758731
54 0.000000
55 0.253807
56 2.898143
57 4.923673
58 2.257044
59 2.158048
60 0.000000
61 2.266949
62 3.319641
63 5.878785
64 1.574860
65 2.057107
66 6.094364
67 -2.444204
68 5.758335
69 -0.151077
70 4.714554
71 0.000000
72 0.000000
73 0.000000
74 0.000000
75 0.000000
76 2.514293
77 4.600192
78 -0.516653
79 -1.828769
80 -3.671828
81 0.000000
82 0.000000
83 0.000000
84 0.000000
85 0.000000
86 0.000000
87 0.000000
88 0.000000
89 -1.156945
90 0.000000
91 -3.213860
92 -8.529614
93 -7.292268
94 -1.572826
95 -7.147749
96 -8.595968
97 -5.936840
98 -5.891854
99 3.467047
100 1.903773
101 0.661606
102 -0.230339
103 3.376767
104 5.022484
105 5.659385
106 9.286145
107 0.000000
108 7.157850
109 5.805238
110 0.257170
111 3.208637
112 8.010622
113 7.189674
114 4.820471
115 3.630721
116 5.005832
117 4.903156
118 5.448913
119 6.647049
120 7.013638
121 -1.273158
122 0.000000
123 0.000000
124 0.000000
125 0.000000
126 0.000000
127 0.000000
128 0.000000
129 0.000000
130 0.000000
131 0.000000
132 0.000000
133 0.000000
134 -0.677091
135 0.884357
136 -2.647016
137 2.529769
138 0.000000
139 1.945571
140 1.323046
141 -7.975942
142 -5.423420
143 -6.545043
144 0.000000
145 -4.922972
146 -6.444302
147 2.136924
148 8.158222
149 3.809767
150 5.125322
151 9.431802
152 7.408647
153 3.606666
154 9.241515
155 0.000000
156 0.000000
157 0.000000
158 0.000000
159 0.000000
160 0.000000
161 4.374439
162 3.926500
163 6.314535
164 5.950968
165 8.507081
166 0.000000
167 0.000000
168 0.000000

[ECalTiming]
p0 21.042672
p1 0.944907

[TimeWalk]
p1_L1 18.808858
p1_L2 16.863340
totref_L1 12.000000
totref_L2 12.000000
totmin 5.000000
totmax 30.000000
