# CDet master calibration constants
# run 5710
# calibration_stage 1
# events_processed 2951891

[PixelOffsets]
0 0.000000 0
1 0.000000 0
2 0.000000 0
3 0.000000 0
4 0.000000 0
5 0.000000 0
6 0.000000 0
7 0.000000 0
8 0.000000 0
9 0.000000 0
10 0.000000 0
11 0.000000 0
12 0.000000 0
13 0.000000 0
14 0.000000 0
15 0.000000 0
16 0.000000 0
17 0.000000 0
18 0.000000 0
19 0.000000 0
20 0.000000 0
21 0.000000 0
22 0.000000 0
23 0.000000 0
24 0.000000 0
25 0.000000 0
26 0.000000 0
27 0.000000 0
28 0.000000 0
29 0.000000 0
30 0.000000 0
31 0.000000 0
32 0.000000 0
33 0.000000 0
34 0.000000 0
35 0.000000 0
36 0.000000 0
37 0.000000 0
38 0.000000 0
39 0.000000 0
40 0.000000 0
41 0.000000 0
42 0.000000 0
43 0.000000 0
44 0.000000 0
45 0.000000 0
46 0.000000 0
47 0.000000 0
48 0.000000 0
49 0.000000 0
50 0.000000 0
51 0.000000 0
52 0.000000 0
53 0.000000 0
54 0.000000 0
55 0.000000 0
56 0.000000 2
57 0.000000 0
58 0.000000 5
59 0.000000 0
60 0.000000 2
61 0.000000 1
62 0.000000 1
63 0.000000 3
64 0.000000 3
65 0.000000 0
66 0.000000 0
67 0.000000 1
68 0.000000 2
69 0.000000 0
70 0.000000 2
71 0.000000 8
72 0.000000 35
73 0.000000 36
74 0.000000 46
75 0.000000 41
76 0.000000 50
77 0.000000 42
78 0.000000 37
79 0.000000 0
80 0.000000 12
81 0.000000 8
82 0.000000 29
83 0.000000 0
84 0.000000 17
85 0.000000 3
86 0.000000 50
87 0.000000 65
88 0.000000 4
89 0.000000 2
90 0.000000 2
91 0.000000 1
92 0.000000 0
93 0.000000 0
94 0.000000 0
95 0.000000 0
96 0.000000 1
97 0.000000 0
98 0.000000 0
99 0.000000 0
100 0.000000 64
101 0.000000 88
102 0.000000 49
103 0.000000 35
104 0.000000 60
105 0.000000 98
106 0.000000 78
107 0.000000 38
108 0.000000 83
109 0.000000 0
110 0.000000 78
111 0.000000 0
112 0.000000 0
113 0.000000 0
114 0.000000 0
115 0.000000 0
116 0.000000 0
117 0.000000 0
118 0.000000 0
119 0.000000 0
120 0.000000 0
121 0.000000 0
122 0.000000 0
123 0.000000 0
124 0.000000 0
125 0.000000 0
126 0.000000 0
127 0.000000 0
128 0.000000 14
129 0.000000 55
130 0.000000 42
131 0.000000 15
132 0.000000 63
133 0.000000 50
134 0.000000 63
135 0.000000 68
136 4.500985 141
137 2.378004 118
138 0.000000 95
139 3.832321 145
140 0.000000 0
141 2.182462 122
142 0.000000 13
143 0.000000 0
144 0.000000 73
145 0.000000 0
146 0.000000 14
147 0.000000 0
148 0.000000 44
149 0.000000 27
150 0.000000 19
151 0.000000 21
152 0.000000 69
153 1.966204 204
154 1.480363 512
155 0.414956 512
156 0.000000 0
157 0.000000 61
158 2.280222 596
159 2.287689 531
160 2.000424 265
161 0.000000 0
162 -4.352935 142
163 -0.875548 194
164 -2.679060 168
165 0.000000 57
166 0.000000 37
167 -1.308054 163
168 0.157684 152
169 0.515056 364
170 -1.320651 330
171 -0.649938 108
172 0.000000 0
173 0.000000 25
174 -1.496407 242
175 0.000000 0
176 0.000000 0
177 0.000000 18
178 0.000000 35
179 0.000000 43
180 -2.240959 113
181 0.000000 17
182 -6.115276 132
183 0.248593 379
184 -0.416777 479
185 0.000000 15
186 0.000000 41
187 0.000000 31
188 0.000000 0
189 0.000000 92
190 0.000000 11
191 0.000000 23
192 4.941627 343
193 0.000000 24
194 0.000000 13
195 0.000000 0
196 0.000000 76
197 0.000000 53
198 0.000000 82
199 0.000000 0
200 0.000000 3
201 0.000000 10
202 0.000000 7
203 0.000000 0
204 0.000000 0
205 0.000000 17
206 0.000000 11
207 0.000000 11
208 0.000000 79
209 0.773806 225
210 2.493647 320
211 1.513432 267
212 0.333099 130
213 0.000000 0
214 -0.594187 297
215 -0.528192 293
216 0.000000 60
217 -1.626838 103
218 0.000000 24
219 0.000000 24
220 0.000000 0
221 0.000000 30
222 0.000000 20
223 0.000000 0
224 0.000000 52
225 0.000000 12
226 0.000000 34
227 0.000000 70
228 0.000000 58
229 0.000000 55
230 0.000000 55
231 0.000000 63
232 0.962365 100
233 1.294546 163
234 1.297016 206
235 0.456538 169
236 0.000000 0
237 -2.278164 203
238 -1.239905 116
239 0.000000 0
240 6.263342 105
241 0.000000 23
242 1.337779 128
243 0.000000 17
244 0.000000 0
245 0.000000 16
246 1.443684 114
247 1.678598 156
248 2.519958 101
249 1.560802 373
250 2.840271 491
251 0.000000 34
252 0.681398 150
253 1.008947 159
254 0.000000 83
255 0.000000 0
256 0.000000 14
257 1.460939 132
258 2.939071 169
259 3.736287 294
260 0.000000 15
261 0.537376 199
262 0.622127 306
263 2.376685 232
264 0.183054 130
265 3.206225 449
266 1.489356 460
267 2.772791 266
268 0.000000 0
269 2.454665 100
270 0.000000 57
271 0.000000 0
272 3.067172 101
273 -0.123019 268
274 0.000000 78
275 0.884938 162
276 1.265357 102
277 0.000000 37
278 0.000000 50
279 0.000000 2
280 3.211792 341
281 0.382669 216
282 2.289901 276
283 0.000000 1
284 0.000000 0
285 0.000000 49
286 1.666353 122
287 0.000000 0
288 6.090251 140
289 0.029830 119
290 2.201481 164
291 0.000000 85
292 0.000000 40
293 2.031847 105
294 0.000000 32
295 0.000000 53
296 1.603021 129
297 2.748595 182
298 2.907305 204
299 2.665090 106
300 0.000000 0
301 0.000000 94
302 0.000000 53
303 0.000000 0
304 0.000000 58
305 3.672735 136
306 3.376107 103
307 0.000000 0
308 0.000000 104
309 3.738640 172
310 4.558118 197
311 4.499542 122
312 0.000000 29
313 0.000000 10
314 0.000000 16
315 0.000000 0
316 0.000000 0
317 0.000000 0
318 0.000000 0
319 0.000000 0
320 0.000000 0
321 0.000000 6
322 0.000000 4
323 0.000000 9
324 0.000000 18
325 0.000000 24
326 0.000000 36
327 0.000000 85
328 4.570096 101
329 0.000000 96
330 4.237857 238
331 0.000000 68
332 0.000000 0
333 3.706473 347
334 4.274968 258
335 0.000000 0
336 2.879868 278
337 -0.899826 465
338 0.944091 389
339 0.000000 0
340 1.457889 445
341 -1.076069 395
342 0.197638 212
343 1.063750 272
344 0.523106 155
345 0.392711 191
346 2.348919 319
347 2.573386 314
348 3.183282 307
349 1.038648 207
350 3.416396 107
351 0.000000 0
352 0.000000 34
353 0.000000 21
354 0.000000 0
355 0.000000 1
356 0.000000 4
357 0.000000 2
358 0.000000 1
359 0.000000 2
360 0.000000 1
361 0.000000 3
362 0.000000 0
363 0.000000 4
364 0.000000 0
365 0.000000 3
366 0.000000 5
367 0.000000 48
368 0.000000 21
369 0.000000 3
370 0.000000 97
371 0.000000 0
372 0.000000 64
373 0.000000 35
374 0.000000 51
375 0.000000 62
376 -3.881345 163
377 -4.234677 120
378 0.000000 86
379 -4.017178 164
380 -2.756475 144
381 0.000000 0
382 -3.525749 124
383 -2.813660 435
384 0.000000 0
385 0.000000 0
386 0.000000 0
387 0.000000 0
388 0.000000 0
389 0.000000 0
390 0.000000 0
391 0.000000 0
392 0.000000 0
393 0.000000 0
394 0.000000 0
395 0.000000 0
396 0.000000 0
397 0.000000 0
398 0.000000 0
399 0.000000 0
400 0.000000 0
401 0.000000 0
402 0.000000 0
403 0.000000 0
404 0.000000 0
405 3.932358 638
406 12.098295 515
407 10.506775 291
408 7.677597 411
409 -3.219185 481
410 0.000000 0
411 -5.560178 650
412 0.000000 96
413 -7.318884 924
414 0.000000 981
415 -9.107014 1130
416 0.000000 0
417 9.456576 273
418 0.000000 0
419 0.000000 0
420 0.000000 0
421 0.000000 21
422 -1.658609 142
423 0.000000 0
424 0.000000 77
425 0.000000 0
426 0.000000 0
427 0.000000 0
428 0.137614 117
429 -2.058185 2710
430 1.740248 5290
431 -0.471045 3135
432 4.575930 1591
433 1.558062 1458
434 0.931481 872
435 0.000000 0
436 0.000000 0
437 1.187234 673
438 1.296792 2531
439 0.949362 1843
440 0.349261 1429
441 0.000000 99
442 0.000000 38
443 -0.388661 762
444 -0.381937 977
445 0.000000 47
446 -0.805191 154
447 -1.224637 477
448 0.000000 82
449 -1.241884 627
450 0.000000 78
451 0.000000 0
452 -1.547051 1755
453 -6.948467 910
454 -1.040566 812
455 -3.417509 576
456 -5.979008 1705
457 -4.446585 1618
458 -4.770861 781
459 -5.208036 458
460 -4.708558 190
461 0.000000 0
462 -6.174667 187
463 0.000000 0
464 0.000000 0
465 0.000000 0
466 0.000000 0
467 8.253308 1191
468 3.266192 746
469 12.953594 1703
470 12.364439 1728
471 0.000000 2936
472 0.954711 1736
473 -3.010562 1250
474 -3.052661 515
475 -2.976268 179
476 -5.015874 170
477 -5.634079 352
478 -5.535155 1000
479 0.000000 0
480 0.000000 0
481 0.786693 707
482 2.447761 326
483 0.000000 0
484 0.000000 52
485 -2.171034 2646
486 -2.531029 2622
487 -2.985390 2454
488 -1.449768 3132
489 -2.280329 2928
490 -0.126442 2625
491 -0.587419 1880
492 -4.380436 243
493 -5.319917 211
494 -5.436055 581
495 0.000000 22
496 0.000000 90
497 0.000000 57
498 0.000000 51
499 0.000000 53
500 0.000000 26
501 0.000000 6
502 0.000000 5
503 0.000000 10
504 -4.663301 242
505 0.000000 83
506 -4.709367 818
507 0.000000 21
508 0.000000 0
509 0.000000 50
510 -4.855503 450
511 0.000000 0
512 0.000000 0
513 -9.457142 370
514 -8.565575 100
515 0.000000 0
516 -8.066957 113
517 -10.741977 375
518 -10.105650 584
519 -9.736953 881
520 -8.296928 1009
521 -8.271751 1067
522 -7.818735 368
523 -7.793252 201
524 -9.583692 298
525 -9.963075 390
526 -8.887494 752
527 0.000000 28
528 7.354100 1340
529 -1.461249 1564
530 -0.849475 1611
531 0.314484 107
532 1.382371 254
533 1.776352 385
534 1.309752 418
535 1.717724 236
536 0.971319 105
537 -1.055992 147
538 -0.849913 926
539 -0.923840 385
540 0.000000 0
541 -0.988159 235
542 -0.875463 192
543 0.000000 0
544 3.130818 278
545 1.209049 888
546 0.000000 0
547 3.504448 1023
548 0.997383 408
549 -0.575817 298
550 0.768863 465
551 1.431709 577
552 1.409931 242
553 1.737421 182
554 0.395991 336
555 0.983888 188
556 0.000000 29
557 0.363979 252
558 0.163420 427
559 0.000000 0
560 0.000000 26
561 -4.113890 534
562 -3.718615 417
563 0.000000 0
564 -3.648879 546
565 -5.336651 119
566 -6.031889 119
567 -3.436613 595
568 0.000000 34
569 -0.972098 128
570 -2.375884 171
571 -1.170413 303
572 0.463524 131
573 0.000000 0
574 -0.586248 105
575 0.000000 0
576 0.000000 0
577 -0.299392 349
578 0.000000 0
579 0.000000 83
580 0.477249 155
581 -0.065330 310
582 1.658236 556
583 1.828435 512
584 1.001047 582
585 1.885077 638
586 1.198779 534
587 2.897798 330
588 0.000000 82
589 0.000000 0
590 0.000000 20
591 2.063694 686
592 -0.949675 379
593 -6.815918 128
594 -5.727863 389
595 0.000000 19
596 0.000000 0
597 -4.040869 757
598 -3.954433 491
599 -3.123465 358
600 -2.908535 410
601 -2.274130 426
602 -1.330035 254
603 -2.073704 165
604 -1.819377 240
605 0.000000 0
606 0.000000 93
607 -3.515621 101
608 0.000000 54
609 0.000000 0
610 0.000000 0
611 0.000000 16
612 0.000000 44
613 0.000000 12
614 0.000000 6
615 0.000000 0
616 0.000000 3
617 0.000000 3
618 0.000000 1
619 0.000000 0
620 0.000000 0
621 0.000000 0
622 0.000000 0
623 0.000000 0
624 0.000000 0
625 0.000000 0
626 0.000000 0
627 0.000000 0
628 0.000000 0
629 0.000000 0
630 0.000000 0
631 0.000000 0
632 0.000000 0
633 0.000000 0
634 0.000000 0
635 0.000000 0
636 0.000000 0
637 0.000000 0
638 0.000000 0
639 0.000000 0
640 0.000000 0
641 0.000000 0
642 0.000000 0
643 0.000000 0
644 0.000000 0
645 0.000000 0
646 0.000000 0
647 0.000000 0
648 0.000000 0
649 0.000000 0
650 0.000000 0
651 0.000000 0
652 0.000000 0
653 0.000000 0
654 0.000000 0
655 0.000000 0
656 0.000000 0
657 0.000000 0
658 0.000000 0
659 0.000000 0
660 0.000000 0
661 0.000000 0
662 0.000000 0
663 0.000000 0
664 0.000000 0
665 0.000000 0
666 0.000000 0
667 0.000000 0
668 0.000000 0
669 0.000000 0
670 0.000000 0
671 0.000000 0
672 0.000000 0
673 0.000000 0
674 0.000000 0
675 0.000000 0
676 0.000000 0
677 0.000000 0
678 0.000000 0
679 0.000000 0
680 0.000000 0
681 0.000000 0
682 0.000000 0
683 0.000000 0
684 0.000000 0
685 0.000000 0
686 0.000000 0
687 0.000000 0
688 0.000000 0
689 0.000000 0
690 0.000000 0
691 0.000000 0
692 0.000000 0
693 0.000000 0
694 0.000000 0
695 0.000000 0
696 0.000000 0
697 0.000000 0
698 0.000000 0
699 0.000000 0
700 0.000000 0
701 0.000000 0
702 0.000000 0
703 0.000000 0
704 0.000000 0
705 0.000000 0
706 0.000000 0
707 0.000000 0
708 0.000000 0
709 0.000000 0
710 0.000000 0
711 0.000000 0
712 0.000000 0
713 0.000000 0
714 0.000000 0
715 0.000000 0
716 0.000000 0
717 0.000000 0
718 0.000000 0
719 0.000000 0
720 0.000000 0
721 0.000000 0
722 0.000000 0
723 0.000000 0
724 0.000000 0
725 0.000000 0
726 0.000000 0
727 0.000000 23
728 0.000000 0
729 0.000000 0
730 0.000000 0
731 0.000000 5
732 0.000000 39
733 0.000000 7
734 0.000000 21
735 0.000000 8
736 0.000000 0
737 -3.931807 393
738 0.000000 0
739 0.000000 52
740 0.000000 93
741 -2.289529 169
742 0.000000 4
743 0.000000 9
744 0.000000 3
745 0.000000 2
746 0.000000 3
747 0.000000 0
748 0.000000 0
749 0.000000 1
750 0.000000 0
751 0.000000 4
752 0.000000 0
753 0.000000 0
754 0.000000 1
755 0.000000 1
756 0.000000 1
757 0.000000 9
758 0.000000 14
759 0.000000 12
760 0.000000 49
761 0.000000 40
762 0.000000 73
763 0.000000 53
764 0.000000 54
765 0.000000 96
766 0.000000 0
767 0.000000 34
768 0.000000 34
769 0.000000 0
770 0.000000 4
771 0.000000 64
772 0.000000 0
773 3.777880 119
774 0.000000 81
775 0.000000 5
776 0.000000 3
777 0.000000 0
778 4.338143 135
779 0.000000 54
780 0.000000 0
781 0.000000 31
782 0.000000 9
783 0.000000 19
784 0.000000 0
785 0.000000 1
786 0.000000 11
787 0.000000 6
788 0.000000 9
789 0.000000 2
790 0.000000 2
791 0.000000 0
792 0.000000 12
793 0.000000 58
794 0.000000 8
795 0.000000 58
796 0.000000 16
797 0.000000 18
798 0.000000 18
799 0.000000 5
800 0.000000 0
801 0.000000 7
802 -12.810332 687
803 0.000000 0
804 -1.929587 108
805 -3.381149 179
806 -2.671943 214
807 -1.668891 262
808 -2.582897 210
809 -2.417906 343
810 -3.108395 293
811 -2.697836 240
812 0.000000 0
813 0.000000 4
814 0.000000 270
815 0.000000 36
816 0.000000 85
817 0.000000 0
818 0.000000 0
819 0.000000 73
820 0.000000 90
821 0.000000 34
822 5.690576 247
823 0.000000 0
824 0.000000 0
825 0.000000 0
826 0.000000 0
827 0.000000 0
828 0.000000 0
829 0.000000 1
830 0.000000 0
831 0.000000 6
832 -3.419691 320
833 -4.059696 260
834 0.000000 31
835 0.000000 38
836 0.000000 13
837 0.000000 26
838 0.000000 27
839 0.000000 0
840 0.000000 3
841 0.000000 3
842 0.000000 1
843 0.000000 9
844 0.000000 0
845 0.000000 0
846 0.000000 0
847 0.000000 0
848 0.000000 3
849 0.000000 2
850 0.000000 0
851 0.000000 1
852 0.000000 2
853 0.000000 0
854 0.000000 0
855 0.000000 4
856 0.000000 7
857 0.000000 5
858 0.000000 8
859 0.000000 2
860 0.000000 0
861 0.000000 0
862 0.000000 2
863 0.000000 25
864 0.000000 62
865 4.510348 182
866 0.000000 67
867 0.000000 0
868 0.000000 0
869 0.000000 53
870 2.140992 100
871 0.000000 16
872 0.000000 8
873 0.000000 53
874 0.000000 49
875 0.000000 0
876 0.000000 56
877 0.000000 3
878 0.000000 8
879 8.463823 950
880 0.000000 0
881 0.000000 54
882 0.000000 29
883 0.000000 81
884 0.000000 0
885 0.000000 0
886 0.000000 30
887 0.000000 82
888 4.359771 151
889 0.000000 81
890 0.000000 47
891 0.000000 26
892 0.000000 98
893 3.881012 300
894 2.574299 121
895 8.967586 354
896 0.000000 53
897 7.491788 266
898 7.203260 222
899 5.740787 160
900 0.000000 0
901 6.107327 607
902 7.086636 762
903 5.459333 871
904 0.000000 0
905 0.000000 56
906 0.000000 52
907 5.399059 147
908 0.000000 78
909 0.000000 8
910 3.551661 111
911 0.000000 6
912 0.000000 0
913 0.000000 0
914 0.000000 0
915 3.906126 360
916 1.341190 268
917 3.848802 768
918 4.481369 1219
919 3.888494 602
920 3.404499 952
921 0.000000 0
922 0.000000 0
923 0.000000 0
924 0.000000 0
925 0.000000 0
926 0.000000 0
927 0.000000 0
928 0.000000 0
929 0.837181 168
930 -0.233831 569
931 0.742058 128
932 3.635941 450
933 4.287912 867
934 0.904752 446
935 3.181027 673
936 1.126769 136
937 2.210715 588
938 0.000000 99
939 0.000000 27
940 0.000000 0
941 0.000000 71
942 0.000000 4
943 0.000000 0
944 0.000000 29
945 0.000000 0
946 0.000000 1
947 0.000000 0
948 0.000000 51
949 10.945126 150
950 0.000000 11
951 6.021012 328
952 2.573009 107
953 0.000000 86
954 3.703642 157
955 0.000000 1
956 0.000000 24
957 1.555281 154
958 1.739291 168
959 0.000000 9
960 0.789388 270
961 0.000000 0
962 0.581649 208
963 0.920423 252
964 0.580331 140
965 6.584054 215
966 0.105826 182
967 0.000000 0
968 0.000000 52
969 0.000000 46
970 0.000000 55
971 0.000000 0
972 1.431904 136
973 0.000000 90
974 0.000000 49
975 0.000000 97
976 0.000000 8
977 0.000000 2
978 0.000000 2
979 0.000000 2
980 0.000000 27
981 0.000000 2
982 1.497371 101
983 0.000000 0
984 0.000000 0
985 0.000000 0
986 0.000000 0
987 0.000000 0
988 0.000000 0
989 0.000000 33
990 0.000000 3
991 0.000000 0
992 0.000000 83
993 7.377434 396
994 0.000000 0
995 0.000000 2
996 5.408697 145
997 8.259446 529
998 3.852995 278
999 0.000000 97
1000 0.000000 1164
1001 4.840764 177
1002 5.039485 140
1003 5.722723 526
1004 6.391427 383
1005 0.000000 0
1006 2.460535 385
1007 0.000000 0
1008 0.000000 0
1009 0.000000 1069
1010 0.000000 47
1011 0.000000 0
1012 2.440343 722
1013 0.000000 32
1014 -1.087969 109
1015 0.000000 0
1016 0.000000 0
1017 0.000000 0
1018 0.000000 0
1019 0.000000 0
1020 0.000000 0
1021 0.754724 670
1022 1.831203 1087
1023 0.000000 0
1024 -0.711169 197
1025 0.000000 22
1026 0.977564 847
1027 0.000000 0
1028 0.000000 0
1029 0.000000 0
1030 0.207646 238
1031 0.000000 0
1032 1.266838 123
1033 0.000000 75
1034 0.000000 61
1035 0.000000 59
1036 0.000000 10
1037 0.000000 5
1038 0.000000 7
1039 0.000000 23
1040 -2.919512 259
1041 -1.556310 245
1042 -12.106582 398
1043 0.000000 0
1044 0.000000 79
1045 0.000000 52
1046 0.000000 48
1047 0.000000 115
1048 10.764418 156
1049 2.160388 253
1050 0.000000 0
1051 0.000000 33
1052 0.000000 0
1053 0.000000 0
1054 0.000000 0
1055 -1.176687 333
1056 0.000000 460
1057 -7.445515 384
1058 0.000000 55
1059 -4.725160 317
1060 -7.035943 354
1061 2.538434 2626
1062 -5.894781 2373
1063 -5.987236 1830
1064 -5.215420 3540
1065 -7.742578 604
1066 0.000000 0
1067 -6.048321 754
1068 0.000000 0
1069 -7.762419 399
1070 0.000000 1
1071 -2.992463 461
1072 0.000000 0
1073 0.000000 9
1074 -0.614245 111
1075 0.000000 0
1076 0.000000 38
1077 0.000000 25
1078 0.000000 38
1079 0.000000 0
1080 0.217276 272
1081 0.781123 2052
1082 0.000000 62
1083 0.000000 49
1084 0.000000 17
1085 0.000000 42
1086 0.000000 7
1087 0.000000 84
1088 0.000000 0
1089 -5.029844 410
1090 -3.980350 601
1091 -3.857635 415
1092 -3.338290 433
1093 -4.285876 563
1094 -3.200266 1230
1095 -2.918900 603
1096 -3.913186 158
1097 -3.195491 605
1098 -2.741796 940
1099 0.000000 52
1100 -3.608827 270
1101 0.000000 96
1102 0.000000 0
1103 1.990575 905
1104 1.703119 372
1105 1.747889 105
1106 0.000000 0
1107 2.662572 754
1108 2.040501 160
1109 0.000000 31
1110 0.000000 39
1111 0.000000 5
1112 0.000000 7
1113 0.000000 11
1114 0.000000 24
1115 0.000000 1
1116 0.000000 1
1117 0.000000 2
1118 0.000000 2
1119 0.000000 0
1120 0.000000 0
1121 0.000000 0
1122 0.000000 0
1123 0.000000 0
1124 0.000000 0
1125 0.000000 0
1126 0.000000 0
1127 0.000000 0
1128 0.000000 0
1129 0.000000 0
1130 0.000000 0
1131 0.000000 0
1132 0.000000 0
1133 0.000000 0
1134 0.000000 0
1135 0.000000 0
1136 0.000000 0
1137 0.000000 4
1138 0.000000 2
1139 0.000000 2
1140 0.000000 0
1141 0.000000 4
1142 0.000000 6
1143 0.000000 1
1144 0.000000 0
1145 0.000000 3
1146 0.000000 0
1147 0.000000 9
1148 0.000000 0
1149 0.000000 5
1150 0.000000 0
1151 0.000000 0
1152 0.000000 0
1153 0.000000 0
1154 0.000000 0
1155 0.000000 0
1156 0.000000 0
1157 0.000000 0
1158 0.000000 0
1159 0.000000 0
1160 0.000000 0
1161 0.000000 88
1162 0.000000 0
1163 0.000000 0
1164 0.000000 0
1165 0.000000 0
1166 0.000000 0
1167 0.000000 0
1168 0.000000 5
1169 0.000000 14
1170 0.000000 0
1171 0.000000 1
1172 0.000000 3
1173 0.000000 18
1174 0.000000 10
1175 0.000000 13
1176 0.000000 3
1177 0.000000 1
1178 0.000000 0
1179 0.000000 2
1180 0.000000 3
1181 0.000000 8
1182 0.000000 0
1183 0.000000 6
1184 0.000000 0
1185 0.000000 8
1186 0.000000 0
1187 0.000000 4
1188 0.000000 19
1189 0.000000 22
1190 0.000000 11
1191 0.000000 20
1192 0.000000 13
1193 0.000000 7
1194 0.000000 10
1195 0.000000 6
1196 0.000000 5
1197 0.000000 14
1198 0.000000 11
1199 0.000000 26
1200 0.000000 0
1201 0.000000 0
1202 0.000000 0
1203 0.000000 0
1204 0.000000 7
1205 0.000000 7
1206 0.000000 9
1207 0.000000 2
1208 0.000000 8
1209 1.337014 174
1210 1.028726 315
1211 1.270198 659
1212 0.403951 139
1213 -0.822930 723
1214 -2.046788 282
1215 0.000000 0
1216 0.000000 2
1217 2.251459 1519
1218 2.838921 1197
1219 0.000000 11
1220 0.908960 441
1221 0.411324 501
1222 0.432479 260
1223 1.243232 629
1224 1.985570 809
1225 -0.358860 203
1226 -1.586116 258
1227 0.810338 963
1228 0.000000 0
1229 1.054280 667
1230 0.710672 1305
1231 0.000000 0
1232 0.000000 1
1233 -4.542816 988
1234 -4.179222 909
1235 0.000000 0
1236 -5.289305 1193
1237 -4.585797 1109
1238 -5.370205 1107
1239 -5.492539 426
1240 -3.459536 999
1241 -5.199793 999
1242 -3.947378 606
1243 -4.617029 1386
1244 -3.440833 1379
1245 -3.275182 1564
1246 -4.492188 1804
1247 0.000000 0
1248 -10.287297 1540
1249 0.000000 0
1250 -6.889893 1450
1251 -8.707369 1198
1252 0.000000 0
1253 -8.531901 1225
1254 -8.672657 1013
1255 -6.537315 1320
1256 -6.774356 892
1257 -7.594570 586
1258 -7.969567 820
1259 -9.565213 667
1260 0.000000 141
1261 0.000000 1
1262 0.000000 427
1263 -9.025284 135
1264 0.000000 1088
1265 0.000000 1702
1266 0.000000 1
1267 0.000000 0
1268 0.000000 2016
1269 -11.036640 2777
1270 0.000000 1213
1271 -11.703342 492
1272 -13.381531 339
1273 0.000000 335
1274 0.000000 0
1275 -10.464838 1090
1276 0.000000 14
1277 -13.081141 225
1278 0.000000 65
1279 -6.781608 431
1280 0.000000 289
1281 -11.550224 315
1282 0.000000 0
1283 -11.123108 282
1284 -12.069917 176
1285 0.000000 0
1286 -9.697300 234
1287 0.000000 81
1288 0.000000 31
1289 0.000000 12
1290 0.000000 0
1291 0.000000 3
1292 0.000000 0
1293 0.000000 0
1294 0.000000 0
1295 0.000000 0
1296 0.000000 0
1297 0.000000 0
1298 0.000000 0
1299 0.000000 0
1300 0.000000 0
1301 0.000000 0
1302 0.000000 0
1303 0.000000 0
1304 0.000000 0
1305 0.000000 0
1306 0.000000 0
1307 0.000000 0
1308 0.000000 0
1309 0.000000 0
1310 0.000000 0
1311 0.000000 0
1312 0.000000 0
1313 0.000000 0
1314 0.000000 0
1315 0.000000 0
1316 0.000000 0
1317 0.000000 0
1318 0.000000 0
1319 0.000000 0
1320 0.000000 0
1321 0.000000 0
1322 0.000000 0
1323 0.000000 0
1324 0.000000 0
1325 0.000000 0
1326 0.000000 0
1327 0.000000 0
1328 0.000000 0
1329 0.000000 0
1330 0.000000 0
1331 0.000000 0
1332 0.000000 0
1333 0.000000 0
1334 0.000000 0
1335 0.000000 0
1336 0.000000 0
1337 0.000000 0
1338 0.000000 0
1339 0.000000 0
1340 0.000000 0
1341 0.000000 0
1342 0.000000 0
1343 0.000000 0
1344 0.000000 0
1345 0.000000 0
1346 0.000000 0
1347 0.000000 0
1348 0.000000 0
1349 0.000000 0
1350 0.000000 0
1351 0.000000 0
1352 0.000000 0
1353 0.000000 0
1354 0.000000 0
1355 0.000000 0
1356 0.000000 0
1357 0.000000 0
1358 0.000000 0
1359 0.000000 0
1360 0.000000 0
1361 0.000000 0
1362 0.000000 0
1363 0.000000 0
1364 0.000000 0
1365 0.000000 0
1366 0.000000 0
1367 0.000000 0
1368 0.000000 0
1369 0.000000 0
1370 0.000000 0
1371 0.000000 0
1372 0.000000 0
1373 0.000000 0
1374 0.000000 0
1375 0.000000 0
1376 0.000000 0
1377 0.000000 0
1378 0.000000 0
1379 0.000000 0
1380 0.000000 0
1381 0.000000 0
1382 0.000000 0
1383 0.000000 0
1384 0.000000 0
1385 0.000000 0
1386 0.000000 0
1387 0.000000 0
1388 0.000000 0
1389 0.000000 0
1390 0.000000 0
1391 0.000000 0
1392 0.000000 0
1393 0.000000 0
1394 0.000000 0
1395 0.000000 1
1396 0.000000 0
1397 0.000000 1
1398 0.000000 0
1399 0.000000 0
1400 0.000000 3
1401 0.000000 0
1402 0.000000 1
1403 0.000000 0
1404 0.000000 0
1405 0.000000 0
1406 0.000000 0
1407 0.000000 1
1408 0.000000 0
1409 0.000000 0
1410 0.000000 6
1411 0.000000 23
1412 0.000000 39
1413 0.000000 46
1414 0.000000 43
1415 0.000000 34
1416 0.000000 65
1417 0.000000 23
1418 0.000000 29
1419 0.000000 9
1420 0.000000 0
1421 0.000000 27
1422 0.000000 33
1423 0.000000 0
1424 0.000000 11
1425 0.000000 32
1426 0.000000 49
1427 0.000000 6
1428 0.000000 0
1429 0.000000 16
1430 0.000000 8
1431 0.000000 7
1432 0.000000 0
1433 0.000000 0
1434 0.000000 0
1435 0.000000 2
1436 0.000000 2
1437 0.000000 0
1438 0.000000 0
1439 0.000000 0
1440 0.000000 2
1441 0.000000 72
1442 0.000000 80
1443 0.000000 0
1444 0.000000 37
1445 0.000000 56
1446 0.000000 99
1447 0.000000 98
1448 0.000000 42
1449 0.000000 61
1450 0.000000 94
1451 0.000000 43
1452 0.000000 1
1453 0.000000 8
1454 0.000000 3
1455 0.000000 0
1456 0.000000 4
1457 0.000000 1
1458 0.000000 2
1459 0.000000 0
1460 0.000000 2
1461 0.000000 1
1462 0.000000 1
1463 0.000000 1
1464 0.000000 1
1465 0.000000 8
1466 0.000000 4
1467 0.000000 33
1468 0.000000 0
1469 0.000000 34
1470 0.000000 46
1471 0.000000 0
1472 0.000000 73
1473 0.000000 77
1474 0.000000 6
1475 0.000000 46
1476 0.000000 78
1477 -5.397615 147
1478 -4.200239 141
1479 -2.048749 110
1480 -3.429883 143
1481 -2.941702 120
1482 0.000000 76
1483 0.000000 68
1484 0.000000 31
1485 0.000000 56
1486 0.000000 0
1487 0.000000 0
1488 0.000000 0
1489 0.000000 0
1490 0.000000 0
1491 0.000000 0
1492 0.000000 0
1493 0.000000 0
1494 0.000000 0
1495 1.425180 605
1496 2.497147 641
1497 1.314707 476
1498 3.288246 650
1499 2.460063 674
1500 0.000000 0
1501 0.000000 30
1502 1.581983 197
1503 0.000000 0
1504 -3.261535 234
1505 0.000000 92
1506 -6.018775 251
1507 -5.726530 108
1508 -5.128773 133
1509 -6.817234 179
1510 0.000000 0
1511 -5.320057 315
1512 -4.362115 377
1513 -4.794376 294
1514 -3.901623 180
1515 -6.759847 121
1516 0.000000 0
1517 0.000000 104
1518 0.000000 88
1519 0.000000 0
1520 0.000000 0
1521 0.000000 50
1522 0.000000 90
1523 0.000000 0
1524 -6.755837 120
1525 -9.588630 107
1526 -8.853900 292
1527 -9.861996 262
1528 -8.122253 325
1529 0.000000 95
1530 0.000000 4
1531 0.000000 56
1532 0.000000 93
1533 0.000000 41
1534 -8.492729 143
1535 -10.863392 208
1536 0.000000 0
1537 0.000000 23
1538 0.000000 21
1539 0.000000 56
1540 0.000000 70
1541 0.000000 80
1542 0.000000 27
1543 0.000000 17
1544 0.000000 0
1545 0.000000 0
1546 0.000000 0
1547 0.000000 0
1548 0.000000 0
1549 0.000000 0
1550 0.000000 0
1551 0.000000 0
1552 0.019779 279
1553 -6.849114 320
1554 -6.032600 323
1555 -5.539420 115
1556 -7.426000 263
1557 0.000000 0
1558 -6.616778 361
1559 0.000000 37
1560 -7.094145 133
1561 0.000000 22
1562 0.000000 12
1563 0.000000 22
1564 0.000000 23
1565 0.000000 6
1566 0.000000 59
1567 0.000000 0
1568 0.000000 0
1569 0.000000 78
1570 0.000000 38
1571 0.000000 55
1572 0.000000 79
1573 0.000000 39
1574 0.000000 71
1575 0.000000 63
1576 5.343302 196
1577 4.718500 223
1578 4.749250 197
1579 2.403535 197
1580 0.000000 107
1581 2.623308 100
1582 0.000000 73
1583 0.000000 0
1584 0.000000 0
1585 0.000000 47
1586 0.000000 57
1587 0.000000 16
1588 0.880036 137
1589 0.677752 113
1590 2.580561 203
1591 1.640510 289
1592 1.676025 309
1593 4.341385 241
1594 3.448347 205
1595 0.000000 93
1596 2.227147 149
1597 0.000000 0
1598 0.983655 102
1599 0.000000 10
1600 0.000000 96
1601 0.000000 86
1602 -0.211757 246
1603 0.000000 0
1604 0.000000 48
1605 -0.507573 326
1606 0.902359 358
1607 -0.836004 128
1608 -0.243072 354
1609 -0.404639 412
1610 -0.687865 453
1611 -1.660895 192
1612 0.000000 35
1613 -1.981587 100
1614 0.000000 89
1615 0.000000 0
1616 1.625521 262
1617 0.000000 0
1618 0.000000 93
1619 -0.665831 181
1620 -0.929662 112
1621 0.000000 50
1622 0.000000 38
1623 0.000000 8
1624 -1.298091 304
1625 -2.945563 206
1626 -0.673387 321
1627 0.000000 11
1628 0.000000 53
1629 0.000000 0
1630 0.000000 75
1631 -2.879637 131
1632 3.200315 176
1633 0.026501 124
1634 0.939277 133
1635 0.000000 75
1636 0.000000 92
1637 0.000000 94
1638 0.000000 67
1639 0.000000 82
1640 0.363204 151
1641 0.807279 188
1642 1.059140 191
1643 0.615570 161
1644 0.000000 38
1645 0.000000 26
1646 0.000000 0
1647 0.000000 0
1648 0.000000 0
1649 2.422543 119
1650 4.063149 148
1651 0.000000 70
1652 3.375966 116
1653 4.269667 210
1654 0.000000 0
1655 3.640863 154
1656 0.000000 40
1657 0.000000 22
1658 0.000000 14
1659 0.000000 11
1660 0.000000 0
1661 0.000000 0
1662 0.000000 0
1663 0.000000 0
1664 0.000000 13
1665 0.000000 15
1666 0.000000 12
1667 0.000000 0
1668 19.190784 164
1669 0.000000 16
1670 19.287405 158
1671 0.000000 97
1672 0.000000 93
1673 0.000000 73
1674 6.966568 225
1675 8.047152 142
1676 0.000000 0
1677 9.643879 312
1678 6.441329 287
1679 0.000000 0
1680 7.522327 275
1681 4.720363 546
1682 5.740548 435
1683 5.540719 274
1684 7.771476 577
1685 4.680107 209
1686 5.096251 235
1687 5.829476 267
1688 6.328039 179
1689 4.475337 202
1690 6.735247 377
1691 7.275736 361
1692 0.000000 0
1693 7.111634 278
1694 7.498569 216
1695 0.000000 0
1696 0.000000 11
1697 0.000000 0
1698 0.000000 0
1699 0.000000 0
1700 0.000000 0
1701 0.000000 0
1702 0.000000 0
1703 0.000000 0
1704 0.000000 0
1705 0.000000 0
1706 0.000000 0
1707 0.000000 0
1708 0.000000 0
1709 0.000000 0
1710 0.000000 0
1711 0.000000 0
1712 0.000000 57
1713 0.000000 14
1714 0.000000 6
1715 0.000000 0
1716 0.000000 91
1717 0.000000 62
1718 0.000000 50
1719 0.000000 37
1720 3.798261 101
1721 3.365944 175
1722 2.897325 163
1723 3.147739 100
1724 5.473136 154
1725 0.000000 0
1726 2.597699 109
1727 2.402071 168
1728 3.006325 413
1729 0.000000 26
1730 0.000000 31
1731 0.000000 13
1732 0.000000 0
1733 0.000000 4
1734 0.000000 14
1735 0.000000 12
1736 0.000000 19
1737 0.000000 30
1738 0.000000 27
1739 0.000000 18
1740 0.000000 20
1741 0.000000 4
1742 0.000000 18
1743 0.000000 0
1744 0.000000 0
1745 0.000000 2
1746 0.000000 3
1747 0.000000 7
1748 0.000000 24
1749 0.000000 18
1750 -4.638440 102
1751 -3.757351 240
1752 -4.301985 649
1753 -4.071395 213
1754 0.000000 0
1755 -2.389829 557
1756 -1.155554 589
1757 0.000000 0
1758 -1.726882 119
1759 -1.952443 367
1760 0.718361 1327
1761 0.000000 0
1762 -2.011671 1099
1763 -2.269413 387
1764 0.000000 65
1765 0.000000 98
1766 0.000000 81
1767 -2.128462 104
1768 -1.332225 148
1769 0.334857 214
1770 0.000000 0
1771 0.000000 75
1772 0.000000 82
1773 -0.246575 182
1774 1.166437 388
1775 0.815131 1845
1776 7.045645 4254
1777 1.713405 3798
1778 0.000000 0
1779 3.942211 2198
1780 2.982074 993
1781 3.185639 1629
1782 2.168004 809
1783 4.037645 1264
1784 3.450535 2416
1785 2.623961 1472
1786 0.000000 0
1787 0.208145 799
1788 3.291565 356
1789 3.802423 197
1790 1.566255 570
1791 2.574214 1038
1792 3.092633 192
1793 1.210119 447
1794 0.000000 41
1795 0.000000 78
1796 1.636047 666
1797 1.606930 1393
1798 1.760602 1453
1799 0.000000 29
1800 1.934551 1329
1801 2.118269 1518
1802 0.891365 1613
1803 0.256780 652
1804 0.000000 0
1805 0.157402 478
1806 0.012454 345
1807 0.000000 0
1808 0.000000 92
1809 0.000000 37
1810 1.086308 117
1811 0.000000 23
1812 1.901391 150
1813 0.000000 112
1814 1.754144 1431
1815 1.449485 1244
1816 0.062751 1314
1817 1.531395 2270
1818 2.241094 1828
1819 0.224073 214
1820 0.000000 0
1821 0.000000 357
1822 -0.885228 151
1823 0.000000 0
1824 1.118048 126
1825 -2.953051 384
1826 -0.420680 945
1827 0.767796 783
1828 -0.901201 158
1829 -0.513348 958
1830 0.735870 2355
1831 0.198299 2596
1832 0.639691 2664
1833 0.558471 2970
1834 0.741609 2935
1835 -0.627644 2114
1836 0.000000 0
1837 -3.461646 1273
1838 -2.242246 712
1839 0.000000 0
1840 2.933390 348
1841 -1.790868 403
1842 -1.348123 249
1843 0.454208 117
1844 -0.366598 102
1845 0.000000 23
1846 0.000000 13
1847 0.000000 13
1848 0.000000 92
1849 0.000000 11
1850 -0.103524 103
1851 0.000000 40
1852 -0.905910 201
1853 -0.697654 114
1854 0.000000 0
1855 0.000000 0
1856 0.000000 0
1857 -1.060113 764
1858 1.817392 190
1859 1.446211 367
1860 -0.131354 637
1861 0.000000 20
1862 0.000000 0
1863 0.000000 0
1864 0.579570 728
1865 0.647998 812
1866 0.453913 1035
1867 0.094522 1027
1868 0.000000 0
1869 0.438713 1206
1870 0.000000 0
1871 0.000000 0
1872 0.772014 493
1873 -2.553662 244
1874 -1.015129 736
1875 0.000000 34
1876 1.208513 1200
1877 0.000000 0
1878 0.623696 1599
1879 0.902495 1848
1880 0.000000 69
1881 1.345081 137
1882 0.000000 80
1883 2.294794 386
1884 0.000000 35
1885 0.000000 42
1886 0.000000 50
1887 0.000000 0
1888 6.759759 1027
1889 4.596873 809
1890 4.527122 479
1891 5.326260 618
1892 4.027637 626
1893 2.949106 949
1894 2.687289 1004
1895 2.486659 703
1896 15.651040 637
1897 1.874629 531
1898 1.730379 429
1899 1.852256 536
1900 0.000000 67
1901 3.777255 436
1902 0.000000 0
1903 0.000000 0
1904 5.573312 366
1905 2.181169 254
1906 1.808899 170
1907 1.641100 342
1908 0.831817 321
1909 0.121118 289
1910 -0.157936 466
1911 -1.465055 322
1912 -0.918380 448
1913 -0.378687 242
1914 0.380150 263
1915 0.054471 500
1916 0.000000 0
1917 0.000000 97
1918 0.146394 213
1919 0.000000 0
1920 0.000000 45
1921 -9.782734 300
1922 0.000000 5
1923 0.000000 70
1924 0.000000 72
1925 -4.433082 261
1926 -5.112578 155
1927 0.000000 96
1928 -4.962441 223
1929 -5.517220 277
1930 -5.497081 398
1931 -4.896684 590
1932 -5.258320 275
1933 -3.322493 835
1934 0.000000 0
1935 0.000000 0
1936 -7.177489 401
1937 0.000000 80
1938 -12.167356 168
1939 0.000000 44
1940 -10.184599 360
1941 -11.272931 462
1942 0.000000 0
1943 -10.411211 167
1944 -10.737855 316
1945 -11.142293 325
1946 -9.701940 474
1947 -11.452345 620
1948 -10.288436 565
1949 0.000000 50
1950 -12.367370 519
1951 0.000000 0
1952 -3.575591 392
1953 0.000000 44
1954 0.000000 191
1955 -6.074935 221
1956 0.000000 71
1957 0.000000 84
1958 0.000000 34
1959 0.000000 39
1960 0.000000 33
1961 0.000000 18
1962 0.000000 13
1963 0.000000 0
1964 0.000000 0
1965 0.000000 1
1966 0.000000 1
1967 0.000000 0
1968 0.000000 0
1969 0.000000 0
1970 0.000000 0
1971 0.000000 0
1972 0.000000 0
1973 0.000000 0
1974 0.000000 0
1975 0.000000 0
1976 0.000000 0
1977 0.000000 0
1978 0.000000 0
1979 0.000000 0
1980 0.000000 0
1981 0.000000 0
1982 0.000000 0
1983 0.000000 0
1984 0.000000 0
1985 0.000000 0
1986 0.000000 0
1987 0.000000 0
1988 0.000000 0
1989 0.000000 0
1990 0.000000 0
1991 0.000000 0
1992 0.000000 0
1993 0.000000 0
1994 0.000000 0
1995 0.000000 0
1996 0.000000 0
1997 0.000000 0
1998 0.000000 0
1999 0.000000 0
2000 0.000000 0
2001 0.000000 0
2002 0.000000 0
2003 0.000000 0
2004 0.000000 0
2005 0.000000 0
2006 0.000000 0
2007 0.000000 0
2008 0.000000 0
2009 0.000000 0
2010 0.000000 0
2011 0.000000 0
2012 0.000000 0
2013 0.000000 0
2014 0.000000 0
2015 0.000000 0
2016 0.000000 0
2017 0.000000 0
2018 0.000000 0
2019 0.000000 0
2020 0.000000 0
2021 0.000000 0
2022 0.000000 0
2023 0.000000 0
2024 0.000000 0
2025 0.000000 0
2026 0.000000 0
2027 0.000000 0
2028 0.000000 0
2029 0.000000 0
2030 0.000000 0
2031 0.000000 0
2032 0.000000 0
2033 0.000000 0
2034 0.000000 0
2035 0.000000 0
2036 0.000000 0
2037 0.000000 0
2038 0.000000 0
2039 0.000000 0
2040 0.000000 0
2041 0.000000 0
2042 0.000000 0
2043 0.000000 0
2044 0.000000 0
2045 0.000000 0
2046 0.000000 0
2047 0.000000 0
2048 0.000000 0
2049 0.000000 0
2050 0.000000 0
2051 0.000000 0
2052 0.000000 0
2053 0.000000 0
2054 0.000000 0
2055 0.000000 0
2056 0.000000 0
2057 0.000000 0
2058 0.000000 0
2059 0.000000 0
2060 0.000000 0
2061 0.000000 0
2062 0.000000 0
2063 0.000000 0
2064 0.000000 0
2065 0.000000 1
2066 0.000000 1
2067 0.000000 0
2068 0.000000 1
2069 0.000000 15
2070 0.000000 20
2071 0.000000 42
2072 0.000000 27
2073 0.000000 26
2074 0.000000 47
2075 0.000000 63
2076 -3.988915 195
2077 -6.311084 346
2078 -6.695414 170
2079 -3.094550 239
2080 0.000000 0
2081 0.000000 0
2082 0.000000 0
2083 0.000000 0
2084 0.000000 0
2085 0.000000 0
2086 0.000000 0
2087 0.000000 0
2088 0.000000 0
2089 0.000000 0
2090 0.000000 0
2091 0.000000 0
2092 0.000000 0
2093 0.000000 0
2094 0.000000 0
2095 0.000000 1
2096 0.000000 5
2097 0.000000 10
2098 0.000000 11
2099 0.000000 0
2100 0.000000 44
2101 0.000000 28
2102 0.000000 26
2103 0.000000 31
2104 0.000000 0
2105 1.211237 122
2106 2.245759 126
2107 0.000000 41
2108 0.000000 21
2109 0.000000 44
2110 0.000000 11
2111 0.000000 38
2112 0.000000 0
2113 0.000000 71
2114 9.469786 130
2115 0.000000 53
2116 0.000000 48
2117 0.000000 68
2118 9.893768 126
2119 9.549685 113
2120 0.000000 90
2121 0.000000 62
2122 0.000000 0
2123 0.000000 0
2124 0.000000 0
2125 0.000000 0
2126 0.000000 0
2127 0.000000 0
2128 0.000000 0
2129 0.000000 0
2130 0.000000 0
2131 0.000000 0
2132 0.000000 91
2133 9.017555 121
2134 9.480892 115
2135 0.000000 71
2136 0.000000 0
2137 0.000000 0
2138 0.000000 0
2139 0.000000 0
2140 0.000000 0
2141 0.000000 0
2142 0.000000 0
2143 0.000000 0
2144 0.000000 0
2145 0.000000 81
2146 3.457212 249
2147 0.000000 0
2148 6.710961 291
2149 6.006474 277
2150 5.922595 335
2151 6.093550 368
2152 5.916743 303
2153 6.185696 314
2154 5.738600 184
2155 7.527294 264
2156 0.000000 71
2157 0.000000 1
2158 0.000000 95
2159 0.000000 25
2160 0.000000 0
2161 2.898699 143
2162 0.000000 8
2163 0.000000 0
2164 2.118881 174
2165 2.341979 247
2166 2.916743 224
2167 0.000000 88
2168 0.000000 0
2169 0.000000 0
2170 0.000000 0
2171 0.000000 0
2172 0.000000 0
2173 0.782569 307
2174 0.000000 50
2175 2.066257 288
2176 0.000000 0
2177 0.000000 0
2178 0.000000 0
2179 0.000000 0
2180 0.000000 0
2181 0.000000 0
2182 0.000000 0
2183 0.000000 0
2184 0.000000 0
2185 0.000000 0
2186 0.000000 0
2187 0.000000 0
2188 0.000000 0
2189 0.000000 0
2190 0.000000 0
2191 0.000000 0
2192 0.000000 0
2193 0.000000 0
2194 0.000000 0
2195 0.000000 0
2196 0.000000 0
2197 0.000000 0
2198 0.000000 0
2199 0.000000 0
2200 0.000000 0
2201 0.000000 0
2202 0.000000 0
2203 0.000000 0
2204 0.000000 0
2205 0.000000 0
2206 0.000000 0
2207 0.000000 0
2208 0.000000 0
2209 5.010045 209
2210 6.019543 141
2211 0.000000 67
2212 5.899294 105
2213 0.000000 34
2214 0.000000 48
2215 0.000000 57
2216 0.000000 47
2217 0.000000 62
2218 5.954920 109
2219 0.000000 19
2220 5.865079 244
2221 0.000000 0
2222 5.071557 638
2223 8.261834 264
2224 0.000000 71
2225 0.000000 44
2226 0.000000 43
2227 0.000000 0
2228 0.000000 94
2229 0.000000 54
2230 0.980174 138
2231 0.000000 109
2232 0.000000 0
2233 1.199563 112
2234 1.234360 156
2235 1.759196 324
2236 1.156392 176
2237 -0.115447 110
2238 -0.128859 158
2239 0.000000 0
2240 0.000000 49
2241 -6.618120 391
2242 -5.717528 517
2243 0.000000 0
2244 -7.614579 518
2245 -6.410717 750
2246 -6.339842 530
2247 -6.154341 279
2248 -6.027185 133
2249 0.000000 147
2250 0.000000 83
2251 -8.543595 203
2252 0.000000 94
2253 0.000000 25
2254 0.000000 0
2255 0.000000 91
2256 0.000000 10
2257 -8.604803 276
2258 0.000000 201
2259 0.000000 0
2260 -7.512856 187
2261 -7.528371 463
2262 -8.304483 536
2263 -7.557847 412
2264 -7.212097 285
2265 -9.180610 135
2266 0.000000 52
2267 0.000000 59
2268 0.000000 23
2269 0.000000 54
2270 0.000000 41
2271 0.000000 0
2272 -11.325133 280
2273 -10.576025 536
2274 -6.031490 491
2275 0.000000 0
2276 -9.481161 355
2277 -8.194294 580
2278 -8.916678 533
2279 0.000000 0
2280 0.000000 177
2281 -9.468375 259
2282 -8.127999 368
2283 0.000000 0
2284 -4.567802 252
2285 -7.164099 153
2286 0.000000 98
2287 0.000000 0
2288 0.000000 23
2289 0.000000 37
2290 0.000000 31
2291 0.000000 28
2292 0.000000 15
2293 -10.071133 310
2294 -10.392637 146
2295 0.000000 167
2296 0.000000 12
2297 0.000000 11
2298 0.000000 95
2299 0.000000 133
2300 0.000000 0
2301 0.000000 97
2302 0.000000 37
2303 0.000000 0
2304 0.000000 13
2305 -7.229968 111
2306 -5.531395 229
2307 0.000000 0
2308 -7.224367 201
2309 -6.122580 188
2310 -6.808717 204
2311 -6.314704 164
2312 0.000000 71
2313 0.000000 70
2314 -4.074920 110
2315 -5.613626 129
2316 0.000000 0
2317 0.000000 91
2318 0.000000 59
2319 -4.218588 102
2320 0.000000 0
2321 0.000000 4
2322 0.000000 4
2323 0.000000 2
2324 0.000000 9
2325 0.000000 25
2326 0.000000 14
2327 0.000000 67
2328 0.000000 41
2329 0.000000 40
2330 0.000000 22
2331 0.000000 22
2332 0.000000 20
2333 0.000000 73
2334 0.000000 0
2335 0.000000 69
2336 0.000000 12
2337 2.642813 227
2338 1.125121 157
2339 0.000000 0
2340 2.417644 322
2341 3.479898 257
2342 1.517996 416
2343 2.643074 406
2344 1.920616 212
2345 0.996111 215
2346 0.019680 171
2347 2.029475 274
2348 0.000000 0
2349 2.851358 460
2350 2.042395 503
2351 4.584398 548
2352 0.000000 4
2353 8.125151 287
2354 7.839697 291
2355 0.000000 0
2356 7.690255 278
2357 7.103961 341
2358 7.226386 157
2359 0.000000 88
2360 0.000000 83
2361 0.000000 37
2362 0.000000 54
2363 8.489467 176
2364 0.000000 98
2365 8.650127 227
2366 7.282563 587
2367 0.000000 0
2368 13.700723 445
2369 0.000000 0
2370 2.669721 248
2371 0.000000 87
2372 2.199475 577
2373 1.840411 342
2374 2.464478 379
2375 1.970265 165
2376 2.623805 167
2377 2.761689 108
2378 0.000000 80
2379 3.294157 101
2380 0.000000 15
2381 0.000000 1
2382 0.000000 11
2383 0.000000 0
2384 0.000000 0
2385 0.000000 69
2386 0.000000 2
2387 4.361059 226
2388 3.440792 168
2389 3.234752 121
2390 0.000000 94
2391 0.000000 94
2392 2.854021 191
2393 1.513091 206
2394 2.357094 352
2395 0.000000 0
2396 0.000000 20
2397 0.000000 41
2398 0.000000 35
2399 6.019771 191
2400 8.236921 350
2401 8.233706 548
2402 5.769545 419
2403 7.300038 507
2404 6.439794 386
2405 0.000000 0
2406 6.971732 865
2407 6.496935 1040
2408 7.290866 1574
2409 0.000000 0
2410 5.924166 2320
2411 6.846224 2754
2412 6.529001 2823
2413 6.342814 1739
2414 3.116469 436
2415 7.726974 765
2416 0.000000 0
2417 2.272747 235
2418 1.571849 404
2419 3.168423 167
2420 2.214637 119
2421 0.000000 7
2422 0.000000 0
2423 0.000000 88
2424 0.000000 85
2425 1.701069 134
2426 0.538452 296
2427 2.037161 1540
2428 1.864061 545
2429 2.207510 111
2430 0.000000 30
2431 0.000000 89
2432 0.000000 0
2433 0.000000 99
2434 0.595906 165
2435 0.000000 0
2436 0.447269 340
2437 -0.527500 341
2438 1.439935 767
2439 0.657795 367
2440 -0.647312 295
2441 1.286134 989
2442 -0.285154 1110
2443 0.000000 83
2444 0.277651 485
2445 -0.991855 363
2446 -0.914939 741
2447 3.222998 468
2448 0.000000 0
2449 0.000000 86
2450 0.000000 82
2451 0.000000 0
2452 5.180559 1000
2453 4.794588 177
2454 5.919682 472
2455 4.857894 562
2456 5.743631 229
2457 0.000000 80
2458 0.000000 96
2459 0.000000 55
2460 0.000000 34
2461 0.000000 29
2462 0.000000 37
2463 0.000000 30
2464 0.000000 0
2465 0.000000 0
2466 0.000000 0
2467 0.000000 0
2468 0.000000 0
2469 0.000000 0
2470 0.000000 0
2471 0.000000 0
2472 0.000000 0
2473 0.000000 0
2474 0.000000 0
2475 0.000000 0
2476 0.000000 0
2477 0.000000 0
2478 0.000000 0
2479 0.000000 0
2480 0.000000 0
2481 0.000000 0
2482 0.000000 0
2483 0.000000 0
2484 0.000000 0
2485 0.000000 0
2486 0.000000 0
2487 0.000000 0
2488 0.000000 0
2489 0.000000 0
2490 0.000000 0
2491 0.000000 0
2492 0.000000 0
2493 0.000000 0
2494 0.000000 0
2495 0.000000 0
2496 0.000000 1
2497 0.000000 0
2498 0.000000 0
2499 0.000000 0
2500 0.000000 0
2501 0.000000 0
2502 0.000000 0
2503 0.000000 0
2504 0.000000 0
2505 0.000000 0
2506 0.000000 0
2507 0.000000 0
2508 0.000000 0
2509 0.000000 0
2510 0.000000 0
2511 0.000000 0
2512 0.000000 0
2513 0.000000 0
2514 0.000000 3
2515 0.000000 0
2516 0.000000 0
2517 0.000000 0
2518 0.000000 0
2519 0.000000 4
2520 0.000000 3
2521 0.000000 7
2522 0.000000 0
2523 0.000000 0
2524 0.000000 0
2525 0.000000 0
2526 0.000000 0
2527 0.000000 0
2528 0.000000 0
2529 0.000000 2
2530 0.000000 2
2531 0.000000 0
2532 0.000000 7
2533 0.000000 0
2534 0.000000 13
2535 0.000000 20
2536 0.000000 8
2537 0.000000 0
2538 0.000000 9
2539 0.000000 0
2540 0.000000 14
2541 0.000000 3
2542 0.000000 0
2543 0.000000 0
2544 0.000000 0
2545 0.000000 6
2546 0.000000 1
2547 0.000000 0
2548 0.000000 12
2549 0.000000 16
2550 0.000000 9
2551 0.000000 0
2552 0.000000 2
2553 0.000000 2
2554 0.000000 1
2555 0.000000 0
2556 0.000000 2
2557 0.000000 0
2558 0.000000 0
2559 0.000000 0
2560 0.000000 27
2561 4.026379 867
2562 4.814583 752
2563 0.000000 0
2564 3.715913 530
2565 2.835658 364
2566 2.836104 938
2567 2.025718 1288
2568 1.061628 531
2569 3.271706 353
2570 0.000000 0
2571 3.395386 542
2572 3.072266 526
2573 2.113455 499
2574 1.007901 715
2575 2.823020 728
2576 0.000000 0
2577 0.000000 0
2578 0.920260 449
2579 1.648642 941
2580 1.766232 939
2581 0.993260 982
2582 -1.004446 481
2583 -1.162293 683
2584 -1.359825 952
2585 -0.335127 1212
2586 -1.336000 1013
2587 0.804140 1236
2588 0.000000 0
2589 -0.178569 1122
2590 -0.226913 1196
2591 0.000000 0
2592 0.000000 0
2593 0.527720 1630
2594 2.969705 2520
2595 0.170708 111
2596 2.254367 2961
2597 2.325912 3934
2598 2.420281 3705
2599 3.407029 2672
2600 1.723796 2180
2601 2.210632 2629
2602 1.387960 3044
2603 2.180133 1693
2604 1.508696 1221
2605 0.000000 39
2606 0.000000 0
2607 0.000000 0
2608 0.000000 24
2609 1.246934 1463
2610 0.000000 21
2611 0.000000 0
2612 -0.952891 658
2613 -1.074341 701
2614 -1.109077 1153
2615 -1.006902 2459
2616 -1.625710 2238
2617 -3.709730 1125
2618 -3.621700 2619
2619 -2.146602 3106
2620 -3.357150 574
2621 0.000000 0
2622 -5.334908 617
2623 0.000000 59
2624 2.114157 1022
2625 1.796429 862
2626 1.617760 292
2627 3.589515 366
2628 3.350457 301
2629 3.049093 627
2630 4.051042 657
2631 3.837717 484
2632 2.974949 366
2633 0.000000 0
2634 2.802968 232
2635 5.237396 202
2636 0.000000 0
2637 0.000000 98
2638 0.000000 23
2639 0.000000 19
2640 0.000000 1
2641 0.000000 0
2642 0.000000 0
2643 0.000000 0
2644 0.000000 0
2645 0.000000 0
2646 0.000000 0
2647 0.000000 0
2648 0.000000 0
2649 0.000000 0
2650 0.000000 0
2651 0.000000 0
2652 0.000000 0
2653 0.000000 0
2654 0.000000 0
2655 0.000000 0
2656 0.000000 0
2657 0.000000 0
2658 0.000000 0
2659 0.000000 0
2660 0.000000 0
2661 0.000000 0
2662 0.000000 0
2663 0.000000 0
2664 0.000000 0
2665 0.000000 0
2666 0.000000 0
2667 0.000000 0
2668 0.000000 0
2669 0.000000 0
2670 0.000000 0
2671 0.000000 0
2672 0.000000 0
2673 0.000000 0
2674 0.000000 0
2675 0.000000 0
2676 0.000000 0
2677 0.000000 0
2678 0.000000 0
2679 0.000000 0
2680 0.000000 0
2681 0.000000 0
2682 0.000000 0
2683 0.000000 0
2684 0.000000 0
2685 0.000000 0
2686 0.000000 0
2687 0.000000 0

[ECalTiming]
p0 -43.152900
p1 0.986600

[TimeWalk]
p1_L1 19.736000
p1_L2 18.037000
totref_L1 12.000000
totref_L2 12.000000
totmin 5.000000
totmax 30.000000
