# CDet master calibration constants

[BarOffsets]
1 0.000000 0
2 0.000000 0
3 0.000000 0
4 0.000000 1
5 0.000000 9
6 0.000000 6
7 0.000000 18
8 0.000000 6
9 0.304495 23
10 0.000000 13
11 0.000000 13
12 0.000000 2
13 0.000000 0
14 0.000000 15
15 -2.749502 30
16 -0.621611 27
17 -9.464199 24
18 -1.252674 27
19 -1.895613 30
20 -0.897232 33
21 0.000000 12
22 -3.094027 24
23 0.000000 2
24 -9.977820 27
25 0.000000 0
26 2.245100 42
27 -1.866586 810
28 -0.199356 1211
29 -3.393888 56
30 5.602405 105
31 -6.249816 323
32 0.000000 8
33 0.000000 14
34 -1.113395 41
35 -2.078024 61
36 -7.845424 35
37 -0.813531 38
38 0.000000 4
39 0.000000 0
40 0.000000 0
41 0.000000 0
42 0.000000 0
43 0.000000 0
44 0.000000 0
45 0.000000 0
46 0.000000 1
47 0.000000 1
48 0.000000 8
49 0.000000 8
50 0.000000 12
51 -4.766091 27
52 0.000000 15
53 0.000000 11
54 0.000000 0
55 2.621582 22
56 0.000000 17
57 0.000000 10
58 0.000000 13
59 0.000000 15
60 0.000000 0
61 0.000000 3
62 0.000000 13
63 1.726848 58
64 -2.732795 60
65 -3.240661 34
66 0.000000 19
67 -5.978515 22
68 0.000000 18
69 -3.547145 79
70 -3.291182 23
71 0.000000 0
72 0.000000 2
73 0.000000 0
74 0.000000 0
75 0.000000 2
76 -4.676818 57
77 -1.871402 200
78 -8.839239 40
79 0.000000 13
80 0.000000 1
81 0.000000 0
82 0.000000 0
83 0.000000 0
84 0.000000 0
85 0.000000 0
86 0.000000 0
87 0.000000 0
88 0.000000 1
89 0.000000 15
90 0.000000 3
91 -5.638136 23
92 0.000000 5
93 -7.326705 24
94 0.000000 13
95 0.000000 15
96 0.000000 0
97 0.000000 0
98 0.000000 15
99 2.366103 42
100 0.000000 19
101 -5.542924 28
102 -5.182659 26
103 -3.263217 29
104 -1.554418 35
105 5.838236 28
106 30.327644 24
107 0.000000 0
108 -3.333319 26
109 0.000000 9
110 0.000000 9
111 -2.171895 376
112 1.573054 1800
113 -1.098999 67
114 -3.653599 86
115 -3.773860 327
116 0.000000 8
117 0.000000 17
118 -0.984398 36
119 -0.213185 61
120 -2.525522 50
121 -7.949312 40
122 0.000000 5
123 0.000000 0
124 0.000000 0
125 0.000000 0
126 0.000000 0
127 0.000000 0
128 0.000000 0
129 0.000000 0
130 0.000000 3
131 0.000000 0
132 0.000000 9
133 0.000000 12
134 6.129076 20
135 2.956728 36
136 -3.426206 22
137 0.000000 8
138 0.000000 0
139 0.872091 33
140 0.000000 17
141 0.000000 9
142 0.000000 11
143 0.000000 9
144 0.000000 0
145 0.000000 5
146 0.000000 11
147 -2.625108 66
148 2.887910 65
149 -0.575024 50
150 0.000000 15
151 4.994989 27
152 1.341323 22
153 -4.354483 59
154 0.940556 62
155 0.000000 0
156 0.000000 0
157 0.000000 0
158 0.000000 0
159 0.000000 0
160 0.000000 2
161 -1.693148 236
162 -2.067274 78
163 0.298062 61
164 0.000000 6
165 0.000000 0
166 0.000000 0
167 0.000000 0
168 0.000000 0

[ECalTiming]
p0 -43.152900
p1 0.986600

[TimeWalk]
p1_L1 19.736000
p1_L2 18.037000
totref_L1 12.000000
totref_L2 12.000000
totmin 5.000000
totmax 30.000000
