# CDet master calibration constants

[BarOffsets]
1 0.000000 0
2 0.000000 0
3 0.000000 0
4 0.000000 3
5 -3.433471 40
6 0.000000 14
7 1.319742 88
8 -2.311452 33
9 -1.565721 85
10 -4.851944 111
11 -6.588987 67
12 0.834572 20
13 0.000000 10
14 -2.423795 44
15 -3.859488 127
16 -7.718495 1237
17 -5.855411 212
18 -5.300318 100
19 -5.383559 105
20 -2.537848 58
21 -2.237031 87
22 -5.491966 172
23 0.000000 2
24 -6.459621 27
25 0.000000 0
26 -1.799945 24
27 -5.270690 137
28 -3.804275 120
29 -8.921720 51
30 6.603071 212
31 -7.393269 366
32 -8.840834 25
33 -13.472458 52
34 -3.806521 186
35 -4.414003 223
36 -7.521309 84
37 -3.192623 151
38 0.551154 44
39 0.000000 4
40 0.000000 0
41 0.000000 0
42 0.000000 0
43 0.000000 0
44 0.000000 0
45 0.000000 0
46 0.000000 15
47 -6.541790 56
48 -4.480569 70
49 -2.702698 104
50 2.005880 41
51 -7.272389 144
52 -0.850222 159
53 -6.266322 51
54 0.000000 7
55 -0.622163 79
56 -0.471841 91
57 2.045824 87
58 -0.724590 622
59 -0.245297 195
60 0.000000 17
61 -2.481818 33
62 -0.266324 82
63 -0.869495 267
64 -5.093578 292
65 -5.659583 187
66 0.033108 88
67 -10.224992 68
68 -5.228523 63
69 -8.542238 82
70 0.000000 9
71 0.000000 0
72 0.000000 4
73 0.000000 3
74 0.000000 5
75 0.000000 10
76 -5.844767 98
77 -4.548951 318
78 -10.040655 453
79 -9.892482 137
80 1.915159 32
81 6.749972 30
82 0.000000 2
83 0.000000 0
84 0.000000 0
85 0.000000 0
86 0.000000 0
87 0.000000 2
88 0.000000 5
89 -4.169225 40
90 0.000000 16
91 -4.626696 117
92 -5.806472 36
93 -9.624185 88
94 -4.155922 143
95 -3.385674 79
96 -5.269299 22
97 0.000000 7
98 -5.606142 44
99 -5.723246 167
100 -7.825673 1566
101 -10.170844 224
102 -9.255906 95
103 -6.117011 99
104 -3.206460 50
105 1.564354 123
106 0.243195 185
107 0.000000 0
108 -3.202617 27
109 0.000000 5
110 0.000000 13
111 -5.180159 59
112 -1.219559 215
113 -5.033930 60
114 -4.653191 160
115 -5.338481 382
116 -0.670071 23
117 -3.773721 83
118 -3.759823 121
119 -2.257869 299
120 -4.445960 130
121 -9.126664 129
122 -6.366725 33
123 0.000000 16
124 0.000000 7
125 0.000000 0
126 0.000000 0
127 0.000000 0
128 0.000000 0
129 0.000000 0
130 -8.714380 80
131 0.000000 1
132 -5.660177 83
133 1.791332 172
134 2.823393 80
135 0.634911 169
136 -5.193941 216
137 -0.076843 29
138 0.000000 0
139 -0.589090 127
140 -5.562479 92
141 -0.670595 97
142 -1.668921 84
143 -3.367907 126
144 0.000000 3
145 -2.723903 32
146 -11.055294 69
147 -4.885097 321
148 1.057421 275
149 -3.847896 265
150 -4.315605 79
151 1.397253 123
152 -4.462816 82
153 -5.561462 73
154 -0.925281 28
155 0.000000 0
156 0.000000 0
157 0.000000 1
158 0.000000 1
159 0.000000 6
160 0.000000 0
161 -3.406047 373
162 -4.563638 353
163 -1.957151 632
164 -4.622330 70
165 0.645506 46
166 0.000000 5
167 0.000000 0
168 0.000000 0

[ECalTiming]
p0 -43.152900
p1 0.986600

[TimeWalk]
p1_L1 19.736000
p1_L2 18.037000
totref_L1 12.000000
totref_L2 12.000000
totmin 5.000000
totmax 30.000000
