# CDet master calibration constants

[BarOffsets]
1 0.000000 0
2 0.000000 0
3 0.000000 1
4 -0.064442 20
5 -6.839482 422
6 -8.353426 158
7 -0.127101 562
8 -8.368253 436
9 -3.362865 570
10 -4.402546 401
11 -5.295931 374
12 -5.371376 337
13 -1.888489 270
14 -4.014367 864
15 -4.868887 971
16 -2.400463 1006
17 -3.397674 940
18 -1.209599 1106
19 0.254933 1040
20 0.742419 885
21 3.161808 451
22 0.103996 748
23 -1.541924 57
24 -4.392679 1197
25 0.000000 0
26 -9.024091 1171
27 0.718699 3080
28 2.713717 2832
29 -3.112646 2524
30 5.380413 3591
31 -0.989933 4707
32 -2.505451 870
33 -7.128636 1607
34 0.835145 1116
35 3.634935 1415
36 -0.262574 1909
37 3.597259 1396
38 -0.988008 463
39 -1.176145 31
40 0.000000 3
41 0.000000 0
42 0.000000 0
43 0.000000 0
44 0.000000 0
45 0.000000 4
46 -19.746843 73
47 -10.051339 182
48 -8.390930 310
49 -5.820762 305
50 -3.883995 467
51 -12.372145 963
52 -2.943299 556
53 -10.862440 547
54 -3.456352 81
55 -2.317499 685
56 -1.360873 766
57 1.389939 913
58 0.648680 1432
59 -1.037147 1000
60 -0.271014 316
61 -2.850818 580
62 -0.493696 724
63 1.760135 1453
64 -1.722269 1343
65 -1.748725 1299
66 -5.119927 605
67 -6.659102 1256
68 1.329360 421
69 -3.627013 1361
70 -0.051162 192
71 0.000000 0
72 -1.298460 42
73 0.000000 13
74 -0.674175 22
75 -0.206825 53
76 0.218014 1216
77 1.727000 3039
78 -3.455744 1095
79 -5.595172 1382
80 -7.920924 611
81 -8.226068 118
82 0.000000 1
83 0.000000 0
84 0.000000 0
85 0.000000 0
86 0.000000 0
87 0.000000 2
88 -7.984082 33
89 -4.759501 492
90 -5.416522 162
91 -7.955967 780
92 -13.065413 439
93 -10.505632 600
94 -4.113180 505
95 -9.910572 482
96 -12.184915 454
97 -10.442155 225
98 -10.282285 977
99 -0.590133 1056
100 -2.561191 901
101 -4.956042 1067
102 -4.134684 1048
103 -1.647642 1104
104 0.240501 916
105 13.315476 962
106 5.131839 811
107 0.000000 9
108 3.069216 1274
109 -0.851939 197
110 -4.258485 477
111 -0.123649 2097
112 5.639192 4385
113 3.116453 2727
114 0.014324 2243
115 0.587806 5095
116 0.783563 887
117 1.411114 1692
118 1.885914 1105
119 5.632689 1471
120 2.777084 2035
121 -3.546218 1574
122 -8.072925 684
123 -5.112956 116
124 0.000000 8
125 0.000000 0
126 0.000000 0
127 0.000000 0
128 0.000000 0
129 0.000000 6
130 -14.288924 281
131 0.000000 1
132 -8.642976 367
133 -1.438096 513
134 -3.110364 601
135 -3.493057 1094
136 -7.114436 905
137 -2.211626 356
138 0.000000 0
139 -1.460270 998
140 -4.478406 741
141 -11.543184 1064
142 -11.557469 696
143 -11.440045 1001
144 -15.980043 234
145 -9.438053 667
146 -10.362554 840
147 -2.479965 1539
148 4.710230 1353
149 0.313413 1441
150 -0.052704 675
151 6.426303 1938
152 2.697435 734
153 -0.385459 1130
154 3.508089 550
155 0.000000 5
156 0.000000 0
157 0.000000 6
158 0.000000 9
159 14.117058 21
160 11.282222 35
161 2.493739 3845
162 2.096403 1709
163 4.870912 3319
164 2.815017 874
165 6.919411 350
166 0.000000 14
167 0.000000 0
168 0.000000 0

[ECalTiming]
p0 -43.152900
p1 0.986600

[TimeWalk]
p1_L1 19.736000
p1_L2 18.037000
totref_L1 12.000000
totref_L2 12.000000
totmin 5.000000
totmax 30.000000
