# CDet master calibration constants

[BarOffsets]
1 0.000000 0
2 0.000000 0
3 0.000000 0
4 0.000000 3
5 0.000000 4
6 0.000000 8
7 12.223323 54
8 -1.369382 310
9 -0.885029 6844
10 -2.769206 2360
11 -4.147356 648
12 -0.692440 65
13 15.186040 44
14 -5.329544 50
15 -6.019416 36
16 4.199064 40
17 2.848878 124
18 3.611881 762
19 3.128481 1973
20 3.979210 480
21 5.937935 44
22 3.487001 170
23 1.495804 69
24 0.353705 718
25 0.000000 0
26 -7.015410 103
27 -0.297421 524
28 2.149670 1260
29 -2.664785 235
30 6.503082 157
31 0.486043 706
32 1.733035 1577
33 -2.897442 4102
34 5.928592 395
35 3.436662 86
36 -3.382383 43
37 0.010588 35
38 -1.225482 37
39 0.000000 5
40 0.000000 0
41 0.000000 0
42 0.000000 0
43 0.000000 0
44 0.000000 0
45 0.000000 1
46 0.000000 1
47 0.000000 3
48 0.000000 9
49 0.000000 3
50 -7.440378 35
51 -6.811322 238
52 0.642461 193
53 -8.192767 110
54 0.000000 6
55 -5.301308 48
56 -2.707013 40
57 -16.043767 62
58 0.457353 98
59 -2.490011 63
60 3.583347 35
61 -2.044790 83
62 0.629858 59
63 1.072114 114
64 -1.212332 98
65 -2.465524 93
66 5.503512 54
67 -6.759351 66
68 -0.792666 32
69 -5.032080 70
70 0.000000 16
71 0.000000 0
72 0.000000 5
73 0.000000 2
74 0.000000 0
75 0.000000 1
76 -3.196003 44
77 -0.703357 92
78 -7.578940 34
79 -7.209975 60
80 -4.991976 35
81 0.000000 12
82 0.000000 0
83 0.000000 0
84 0.000000 0
85 0.000000 0
86 0.000000 0
87 0.000000 0
88 0.000000 3
89 0.000000 10
90 0.000000 9
91 1.149603 100
92 -7.873165 637
93 -8.224761 8403
94 -2.169281 1769
95 -8.809036 620
96 -2.988698 75
97 -6.478773 35
98 -7.907635 52
99 0.556481 39
100 -3.068217 44
101 2.083682 143
102 -0.509127 931
103 1.849134 2035
104 3.884274 460
105 6.520830 139
106 7.690626 184
107 0.000000 6
108 7.272223 815
109 4.813791 65
110 -3.528502 55
111 0.774788 316
112 4.112093 1431
113 3.840321 292
114 -2.235056 94
115 0.911902 604
116 3.713391 377
117 5.776556 4915
118 6.161486 664
119 11.994515 146
120 3.005515 62
121 -8.051575 34
122 -9.251868 37
123 0.000000 18
124 0.000000 3
125 0.000000 0
126 0.000000 0
127 0.000000 0
128 0.000000 0
129 0.000000 1
130 0.000000 5
131 0.000000 0
132 0.000000 13
133 0.000000 8
134 -6.389750 48
135 1.681299 281
136 -3.168648 230
137 0.545539 78
138 0.000000 0
139 -6.117203 50
140 -7.735104 40
141 -8.793905 61
142 -8.813533 54
143 -10.145025 78
144 -9.435642 25
145 -7.355023 98
146 -11.184782 67
147 -3.335859 128
148 3.975703 101
149 0.048540 100
150 -2.859098 51
151 4.486113 94
152 2.576600 49
153 -0.553607 71
154 -3.093940 34
155 0.000000 0
156 0.000000 0
157 0.000000 0
158 0.000000 0
159 0.000000 0
160 0.000000 0
161 -2.328832 81
162 -2.441224 62
163 1.606695 83
164 1.286896 44
165 6.210426 34
166 0.000000 2
167 0.000000 0
168 0.000000 0

[ECalTiming]
p0 -43.152900
p1 0.986600

[TimeWalk]
p1_L1 19.736000
p1_L2 18.037000
totref_L1 12.000000
totref_L2 12.000000
totmin 5.000000
totmax 30.000000
