# CDet master calibration constants

[BarOffsets]
1 0.000000 0
2 0.000000 0
3 0.000000 0
4 -10.147030 31
5 -6.571131 355
6 -8.811159 145
7 0.185554 472
8 -7.980024 457
9 -2.408593 603
10 -4.079189 405
11 -4.663984 392
12 -4.884473 330
13 -1.609093 327
14 -3.177320 925
15 -3.874494 1025
16 -1.679256 1037
17 -3.126643 933
18 -1.044613 1018
19 0.664165 562
20 3.886499 41
21 0.000000 4
22 0.000000 4
23 0.000000 0
24 0.000000 1
25 0.000000 0
26 0.000000 2
27 0.000000 19
28 1.528614 369
29 -2.871596 2207
30 5.460160 3376
31 -0.407596 4223
32 -1.828769 1108
33 -6.551944 1570
34 0.873302 1127
35 4.343620 1102
36 0.267741 1491
37 4.020907 1116
38 -0.255411 488
39 -3.034670 45
40 0.000000 1
41 0.000000 0
42 0.000000 0
43 0.000000 0
44 0.000000 0
45 0.000000 4
46 -10.561985 66
47 -8.907570 166
48 -6.843076 238
49 -5.428056 250
50 -3.710738 450
51 -11.442404 766
52 -2.542756 525
53 -10.829980 504
54 -3.583471 102
55 -2.250779 750
56 -1.130277 817
57 1.817483 963
58 1.458977 1447
59 -0.818012 966
60 0.108003 328
61 -3.294816 312
62 13.960977 22
63 0.000000 7
64 0.000000 10
65 0.000000 5
66 0.000000 6
67 0.000000 4
68 0.000000 1
69 -2.640940 54
70 -1.816103 36
71 0.000000 0
72 2.558229 32
73 0.000000 17
74 -2.436726 31
75 -1.239211 65
76 0.608807 1152
77 2.194291 2760
78 -2.909861 1121
79 -4.754722 1249
80 -7.266457 636
81 -6.577349 137
82 0.000000 1
83 0.000000 0
84 0.000000 0
85 0.000000 0
86 0.000000 0
87 0.000000 1
88 -7.953048 29
89 -4.465674 414
90 -6.624623 135
91 -7.157914 720
92 -11.243142 484
93 -9.780534 608
94 -3.243827 453
95 -8.932839 564
96 -11.209495 433
97 -9.638007 289
98 -10.819013 1008
99 -0.036590 1100
100 -1.850701 901
101 -4.496076 1097
102 -4.171273 963
103 -0.054187 557
104 -0.588553 42
105 0.000000 7
106 0.000000 4
107 0.000000 0
108 0.000000 2
109 0.000000 0
110 0.000000 0
111 0.000000 12
112 5.197219 217
113 3.400564 2386
114 0.357374 2110
115 1.118170 4606
116 1.518409 1222
117 2.184816 1716
118 2.534747 1036
119 6.152981 1360
120 3.497612 1564
121 -3.102222 1257
122 -7.891297 624
123 -4.485540 153
124 0.000000 17
125 0.000000 0
126 0.000000 0
127 0.000000 0
128 0.000000 0
129 0.000000 5
130 -14.471009 261
131 0.000000 0
132 -8.306272 286
133 -0.498379 413
134 -2.734622 518
135 -2.924233 930
136 -6.321793 763
137 -1.367721 418
138 0.000000 0
139 -0.790218 1109
140 -4.264513 820
141 -11.547252 1051
142 -9.846417 673
143 -10.695667 990
144 -12.944792 216
145 -9.192811 341
146 -3.904309 25
147 0.000000 3
148 0.000000 8
149 0.000000 7
150 0.000000 5
151 0.000000 12
152 0.000000 1
153 -5.148686 24
154 2.831311 123
155 0.000000 5
156 0.000000 0
157 0.000000 1
158 0.000000 3
159 -16.431516 30
160 8.353475 32
161 3.203403 3538
162 2.807879 1854
163 5.516025 2948
164 3.288021 810
165 7.187513 393
166 0.000000 13
167 0.000000 0
168 0.000000 0

[ECalTiming]
p0 -43.152900
p1 0.986600

[TimeWalk]
p1_L1 19.736000
p1_L2 18.037000
totref_L1 12.000000
totref_L2 12.000000
totmin 5.000000
totmax 30.000000
