# CDet master calibration constants

[BarOffsets]
1 0.000000 0
2 0.000000 0
3 0.000000 0
4 0.000000 11
5 -6.718627 265
6 -0.166157 115
7 -0.330821 381
8 -8.213190 328
9 -3.362540 338
10 -4.383036 331
11 -5.477349 293
12 -5.134287 274
13 -1.018569 251
14 -4.306637 724
15 -4.621708 816
16 -2.567594 807
17 -3.428122 794
18 -1.118629 873
19 -0.061250 756
20 1.116081 673
21 3.552337 362
22 -0.216865 579
23 -5.115698 49
24 -4.592338 1033
25 0.000000 0
26 -8.587722 839
27 1.153408 2189
28 2.914828 2141
29 -3.060552 2149
30 5.798581 2840
31 -0.668157 3558
32 -2.308392 686
33 -6.876529 1096
34 0.991843 924
35 3.829186 960
36 -0.222648 1218
37 3.883107 890
38 -0.918729 368
39 -2.816011 38
40 0.000000 3
41 0.000000 0
42 0.000000 0
43 0.000000 0
44 0.000000 0
45 0.000000 2
46 -7.424197 43
47 -9.613256 94
48 -7.786353 153
49 -6.032920 175
50 -4.139581 291
51 -11.220193 561
52 -3.145880 529
53 -10.712966 483
54 -3.865019 69
55 -2.333635 603
56 -1.313925 616
57 1.706841 756
58 0.570366 1212
59 -1.121603 775
60 0.542034 263
61 -2.889970 525
62 -0.557808 615
63 1.756106 1048
64 -1.711760 994
65 -1.956856 920
66 -4.170876 529
67 -6.560927 908
68 0.689893 361
69 -3.258331 925
70 0.466917 136
71 0.000000 0
72 -0.175275 25
73 0.000000 10
74 -0.862994 24
75 0.768343 50
76 0.662381 973
77 1.751028 2418
78 -3.443152 1020
79 -5.176348 1034
80 -7.534258 498
81 -8.322532 115
82 0.000000 0
83 0.000000 0
84 0.000000 0
85 0.000000 0
86 0.000000 0
87 0.000000 1
88 0.000000 15
89 -4.809708 318
90 -6.824136 131
91 -7.691860 587
92 -13.312254 312
93 -11.165778 380
94 -3.430370 405
95 -9.735894 406
96 -12.101583 381
97 -10.419153 206
98 -11.461090 787
99 -0.751526 882
100 -2.663467 721
101 -4.849609 928
102 -4.199296 851
103 -1.543736 785
104 0.357067 669
105 9.428128 686
106 5.134328 589
107 0.000000 13
108 2.785080 1080
109 -0.663860 129
110 -4.342842 345
111 0.343563 1597
112 5.755736 3115
113 3.247061 2350
114 0.055550 1789
115 0.846122 4043
116 1.106336 589
117 1.976467 1211
118 2.132936 869
119 5.632729 1129
120 3.207035 1310
121 -3.644052 966
122 -8.287233 528
123 -5.313567 110
124 0.000000 6
125 0.000000 0
126 0.000000 0
127 0.000000 0
128 0.000000 0
129 0.000000 8
130 -13.481927 152
131 0.000000 0
132 -8.923878 220
133 -1.405332 301
134 -3.190434 369
135 -3.068393 730
136 -7.450309 774
137 -1.938190 374
138 0.000000 0
139 -1.090012 870
140 -4.987215 701
141 -11.482765 821
142 -10.854066 558
143 -10.501490 772
144 -13.567735 177
145 -9.203058 625
146 -9.826120 664
147 -2.519194 1167
148 4.838499 1022
149 0.006640 964
150 0.064040 557
151 6.395790 1413
152 2.788232 600
153 -0.184051 756
154 4.156183 403
155 0.000000 2
156 0.000000 0
157 0.000000 2
158 0.000000 3
159 4.960256 20
160 -9.928656 26
161 2.861707 3078
162 2.437926 1641
163 5.104867 2447
164 3.251730 716
165 6.557516 312
166 0.000000 8
167 0.000000 0
168 0.000000 0

[ECalTiming]
p0 -43.152900
p1 0.986600

[TimeWalk]
p1_L1 19.736000
p1_L2 18.037000
totref_L1 12.000000
totref_L2 12.000000
totmin 5.000000
totmax 30.000000
