# CDet master calibration constants

[BarOffsets]
1 0.000000 0
2 0.000000 0
3 0.000000 2
4 0.000000 13
5 -6.503163 336
6 -2.779072 121
7 0.089035 455
8 -8.256228 428
9 -2.997135 569
10 -4.542420 353
11 -5.174832 390
12 -4.840737 337
13 -1.483177 297
14 -4.127960 886
15 -4.250043 967
16 -2.046173 996
17 -3.515023 932
18 -0.871141 967
19 0.078311 876
20 1.216589 780
21 3.878485 409
22 0.426532 677
23 -1.395236 42
24 -4.282331 1039
25 0.000000 0
26 -8.790197 1035
27 1.059674 2613
28 2.877364 2753
29 -2.849007 2456
30 5.515719 3235
31 -0.647111 4388
32 -2.296925 1030
33 -6.825871 1554
34 1.692112 1110
35 4.038157 1094
36 0.121821 1436
37 3.889245 1018
38 -0.825525 451
39 -0.512437 45
40 0.000000 0
41 0.000000 0
42 0.000000 0
43 0.000000 0
44 0.000000 0
45 0.000000 3
46 -17.509879 70
47 -9.664539 156
48 -7.372073 229
49 -5.417000 244
50 -3.752599 372
51 -11.473006 694
52 -3.220791 512
53 -10.683046 519
54 -3.517887 79
55 -2.113428 701
56 -1.075476 796
57 1.837974 943
58 0.314204 1232
59 -0.579361 853
60 0.275635 308
61 -2.560271 588
62 0.214093 686
63 1.764438 1312
64 -1.494293 1146
65 -1.803826 1115
66 -4.178471 548
67 -6.541267 1079
68 1.132913 380
69 -3.462289 1191
70 0.409896 186
71 0.000000 0
72 -0.963862 41
73 0.000000 16
74 -4.525562 28
75 -0.093756 76
76 0.432220 1073
77 1.906252 2716
78 -3.234027 1059
79 -5.084399 1146
80 -7.227119 589
81 -7.004341 107
82 0.000000 0
83 0.000000 0
84 0.000000 0
85 0.000000 0
86 0.000000 0
87 0.000000 2
88 -5.737388 32
89 -4.346926 411
90 -4.098640 116
91 -7.287755 678
92 -10.619430 434
93 -10.373318 566
94 -4.184648 416
95 -9.575747 518
96 -11.554919 462
97 -9.518629 265
98 -10.238042 970
99 -0.198420 1081
100 -2.276175 829
101 -4.743082 1057
102 -3.975958 931
103 -1.302574 897
104 0.478767 836
105 9.733208 849
106 5.629590 704
107 0.000000 7
108 3.047153 1060
109 -0.419782 195
110 -4.141306 442
111 0.082896 1856
112 5.846623 4021
113 3.403743 2644
114 0.170283 2116
115 0.987306 4687
116 1.404970 1085
117 1.823858 1683
118 2.345251 1072
119 5.836329 1271
120 3.302296 1542
121 -3.227129 1138
122 -8.065006 616
123 -4.161027 156
124 0.000000 15
125 0.000000 0
126 0.000000 0
127 0.000000 0
128 0.000000 0
129 0.000000 5
130 -12.765658 246
131 0.000000 3
132 -8.595445 291
133 -0.554618 382
134 -2.666540 476
135 -3.195823 868
136 -6.551545 753
137 -1.702192 417
138 0.000000 0
139 -0.865622 1021
140 -4.156915 826
141 -10.491345 1068
142 -10.720085 634
143 -10.428617 846
144 -14.861021 233
145 -8.810502 678
146 -9.532942 763
147 -2.537263 1399
148 5.123096 1194
149 0.603192 1252
150 0.159218 539
151 6.473152 1663
152 2.717620 673
153 -0.467673 996
154 3.494019 483
155 0.000000 6
156 0.000000 0
157 0.000000 2
158 0.000000 4
159 4.853624 29
160 4.516060 31
161 2.875394 3302
162 2.418906 1760
163 5.258291 2788
164 3.027959 753
165 7.047274 364
166 0.000000 3
167 0.000000 0
168 0.000000 0

[ECalTiming]
p0 -43.152900
p1 0.986600

[TimeWalk]
p1_L1 19.736000
p1_L2 18.037000
totref_L1 12.000000
totref_L2 12.000000
totmin 5.000000
totmax 30.000000
