# CDet master calibration constants

[BarOffsets]
1 0.000000 0
2 0.000000 0
3 0.000000 6
4 -5.826041 71
5 -6.933478 1147
6 28.593868 381
7 -0.305843 1464
8 -7.960107 1174
9 -3.037458 1652
10 -4.951519 1097
11 -5.309230 1041
12 -5.444095 871
13 -1.221953 725
14 -3.960366 2346
15 -4.393151 2734
16 -2.287884 2644
17 -3.587183 2744
18 -1.314940 2964
19 0.144563 2807
20 0.894665 2519
21 3.111452 1225
22 -0.050515 2175
23 -1.791406 158
24 -4.184582 2785
25 0.000000 0
26 -9.018794 3304
27 0.784706 8324
28 2.693122 7651
29 -3.046040 7207
30 5.864810 10351
31 -0.951468 13484
32 -2.770540 2473
33 -7.271083 4581
34 1.222059 3321
35 3.715838 3828
36 -0.159217 4712
37 3.449578 3687
38 -1.207976 1381
39 -1.355596 114
40 0.000000 5
41 0.000000 0
42 0.000000 0
43 0.000000 0
44 0.000000 0
45 0.000000 13
46 -11.064814 178
47 -9.397201 460
48 -7.022203 690
49 -5.998868 789
50 -4.092051 1142
51 -12.392004 2305
52 -3.382671 1594
53 -10.849650 1535
54 -3.700325 222
55 -1.951969 1920
56 -1.620770 2072
57 1.205697 2708
58 0.454568 4022
59 -1.017849 2727
60 -0.163286 878
61 -2.886663 1645
62 -0.249987 2028
63 1.495020 4206
64 -1.539473 4000
65 -1.782763 3754
66 -4.904358 1427
67 -6.578658 3076
68 1.308113 1317
69 -3.440311 3985
70 -0.170495 586
71 0.000000 0
72 -0.367528 113
73 5.721039 59
74 0.219338 57
75 0.066623 241
76 0.101961 3575
77 1.715670 8691
78 -3.581201 3156
79 -5.359657 3885
80 -7.918356 1854
81 -8.336010 385
82 0.000000 3
83 0.000000 0
84 0.000000 0
85 0.000000 0
86 0.000000 0
87 0.000000 10
88 -7.975101 89
89 -4.808930 1298
90 -5.554000 389
91 -7.777406 2102
92 -11.701421 1233
93 -9.867730 1725
94 -4.061173 1348
95 -9.717639 1392
96 -11.347060 1186
97 -10.523000 632
98 -10.650973 2581
99 -0.604258 2980
100 -2.390160 2308
101 -4.914120 3195
102 -4.524202 2791
103 -1.472644 2947
104 0.158792 2521
105 9.854139 2656
106 5.213359 2296
107 31.869218 49
108 3.186899 3005
109 -1.064603 445
110 -4.287379 1255
111 -0.077820 6031
112 5.618629 11765
113 3.028608 7830
114 -0.175390 6433
115 0.533753 14615
116 0.979138 2699
117 1.479230 4841
118 1.877899 3168
119 5.547904 4231
120 3.019105 5164
121 -3.445237 3983
122 -8.257335 2005
123 -4.623263 384
124 -4.155407 23
125 0.000000 0
126 0.000000 0
127 0.000000 0
128 0.000000 0
129 0.000000 8
130 -14.187476 714
131 0.000000 5
132 -8.591907 938
133 -1.559058 1253
134 -2.831952 1467
135 -3.462026 2766
136 -7.305287 2470
137 -1.977951 1121
138 0.000000 0
139 -1.285463 2841
140 -4.510382 2122
141 -11.449682 3033
142 -10.861772 1926
143 -11.387108 2780
144 -14.273186 579
145 -9.078046 1900
146 -9.755536 2328
147 -2.770311 4531
148 4.732796 4100
149 0.460003 4051
150 0.001528 1634
151 6.302116 4650
152 2.634944 2172
153 -0.371002 3322
154 3.498314 1662
155 0.000000 12
156 0.000000 0
157 0.000000 9
158 0.000000 7
159 7.752050 82
160 -2.747050 108
161 2.479746 10771
162 2.105678 5468
163 5.031079 9642
164 2.927104 2593
165 6.669068 1086
166 1.047704 31
167 0.000000 0
168 0.000000 0

[ECalTiming]
p0 -43.152900
p1 0.986600

[TimeWalk]
p1_L1 19.736000
p1_L2 18.037000
totref_L1 12.000000
totref_L2 12.000000
totmin 5.000000
totmax 30.000000
