# CDet master calibration constants

[BarOffsets]
1 0.000000 0
2 0.000000 0
3 0.000000 0
4 0.000000 5
5 -1.004298 21
6 0.000000 4
7 5.208461 22
8 0.000000 14
9 0.000000 19
10 -5.287508 50
11 0.000000 17
12 0.000000 5
13 0.000000 3
14 0.000000 7
15 0.000000 19
16 0.000000 14
17 -3.963590 30
18 -4.837666 29
19 -3.776048 24
20 0.000000 18
21 35.155017 28
22 -4.048138 54
23 0.000000 1
24 0.000000 12
25 0.000000 0
26 0.000000 8
27 -5.073702 37
28 -4.797175 47
29 -7.758206 28
30 3.373507 71
31 -7.751688 112
32 0.000000 10
33 0.000000 16
34 -8.673711 56
35 -5.346678 98
36 -11.970469 32
37 -4.069310 62
38 -6.476740 21
39 0.000000 1
40 0.000000 0
41 0.000000 0
42 0.000000 0
43 0.000000 0
44 0.000000 0
45 0.000000 0
46 0.000000 2
47 -8.794113 21
48 -4.151053 32
49 -3.627645 56
50 0.000000 19
51 -4.362582 48
52 -1.571356 38
53 0.000000 12
54 0.000000 2
55 0.445871 31
56 -0.050906 22
57 2.779242 29
58 4.133898 20
59 0.000000 13
60 0.000000 4
61 0.000000 5
62 0.000000 16
63 -1.369304 90
64 -5.978778 103
65 -5.704424 79
66 -4.909054 34
67 -4.258690 27
68 -4.893402 30
69 -2.987940 36
70 0.000000 1
71 0.000000 0
72 0.000000 1
73 0.000000 2
74 0.000000 0
75 0.000000 1
76 -4.706704 42
77 -5.104630 129
78 -9.384079 164
79 -5.150278 43
80 0.000000 17
81 0.000000 1
82 0.000000 1
83 0.000000 0
84 0.000000 0
85 0.000000 0
86 0.000000 0
87 0.000000 0
88 0.000000 1
89 1.747475 22
90 0.000000 5
91 -2.823445 29
92 0.000000 10
93 0.000000 18
94 -3.695310 58
95 0.000000 16
96 0.000000 4
97 0.000000 2
98 0.000000 6
99 -0.092829 21
100 0.000000 12
101 -6.121376 35
102 -3.118904 26
103 -9.412308 24
104 0.000000 14
105 3.549057 40
106 -0.111332 53
107 0.000000 0
108 0.000000 12
109 0.000000 3
110 0.000000 4
111 -17.617455 22
112 -1.260520 63
113 -4.552422 30
114 -5.296811 58
115 -5.245480 118
116 0.000000 3
117 -8.231844 24
118 -3.712000 40
119 -3.072364 121
120 -4.980256 56
121 -10.403424 54
122 0.000000 8
123 0.000000 11
124 0.000000 0
125 0.000000 0
126 0.000000 0
127 0.000000 0
128 0.000000 0
129 0.000000 0
130 -9.510832 26
131 0.000000 0
132 0.339865 39
133 1.379539 86
134 2.812201 25
135 -0.711123 55
136 -5.886283 52
137 0.000000 10
138 0.000000 0
139 -1.152898 46
140 -0.949632 28
141 -8.361751 25
142 0.000000 16
143 0.000000 14
144 0.000000 0
145 0.000000 6
146 0.000000 14
147 -5.732141 104
148 0.706109 95
149 -4.016921 106
150 -13.183082 26
151 1.527001 57
152 -4.438625 37
153 -4.281828 26
154 0.000000 12
155 0.000000 0
156 0.000000 0
157 0.000000 0
158 0.000000 1
159 0.000000 0
160 0.000000 0
161 -4.138136 127
162 -5.010963 155
163 -2.818987 206
164 -1.395577 29
165 0.000000 16
166 0.000000 1
167 0.000000 0
168 0.000000 0

[ECalTiming]
p0 -43.152900
p1 0.986600

[TimeWalk]
p1_L1 19.736000
p1_L2 18.037000
totref_L1 12.000000
totref_L2 12.000000
totmin 5.000000
totmax 30.000000
