# CDet master calibration constants

[BarOffsets]
1 0.000000 0
2 0.000000 0
3 0.000000 0
4 0.000000 3
5 -2.753625 38
6 0.000000 17
7 1.858220 61
8 -7.619181 66
9 -2.081994 86
10 -5.187695 152
11 -5.462185 78
12 0.000000 18
13 0.000000 8
14 -4.476897 43
15 -7.144291 67
16 -4.779874 52
17 -4.467843 131
18 -4.989086 95
19 -4.500410 66
20 -4.076598 73
21 -3.071948 100
22 -5.866220 162
23 0.000000 7
24 -9.725662 48
25 0.000000 0
26 1.036147 20
27 -6.579666 87
28 -5.067835 98
29 -16.181059 45
30 6.239077 227
31 -8.142964 322
32 0.000000 17
33 -6.821028 40
34 -6.624955 233
35 -5.015561 269
36 -10.381147 54
37 -3.626540 140
38 -5.939862 59
39 0.000000 2
40 0.000000 0
41 0.000000 0
42 0.000000 0
43 0.000000 0
44 0.000000 0
45 0.000000 0
46 0.000000 12
47 -7.243241 57
48 -3.212325 29
49 -1.157600 57
50 0.000000 18
51 -8.609163 92
52 -1.483322 138
53 -10.387504 28
54 0.000000 12
55 -1.216421 100
56 -0.916677 89
57 0.204335 61
58 1.511352 104
59 -1.921579 68
60 0.000000 4
61 1.733867 23
62 -1.412561 77
63 -1.129960 368
64 -6.169491 295
65 -6.104633 148
66 2.383819 120
67 -2.983290 94
68 -5.496241 61
69 -9.529722 72
70 0.000000 4
71 0.000000 0
72 0.000000 1
73 0.000000 6
74 0.000000 4
75 0.000000 15
76 -6.686312 95
77 -5.331117 321
78 -12.787151 498
79 -11.481424 145
80 -1.388162 63
81 -4.140831 31
82 0.000000 2
83 0.000000 0
84 0.000000 0
85 0.000000 0
86 0.000000 0
87 0.000000 0
88 0.000000 1
89 -1.868139 40
90 -5.993401 27
91 -4.443150 91
92 -7.406271 42
93 -5.252708 97
94 -4.765946 171
95 -7.564562 93
96 -6.584193 21
97 0.000000 5
98 -10.300900 40
99 -4.364397 71
100 -3.293907 57
101 -6.591325 136
102 -8.152905 107
103 -6.070074 69
104 -4.186937 58
105 3.124421 131
106 -0.933509 175
107 0.000000 1
108 -3.391149 39
109 2.859447 20
110 0.000000 12
111 -5.074664 50
112 -1.891465 146
113 -3.833039 51
114 -5.220673 189
115 -6.024872 338
116 -6.731440 29
117 -2.264614 56
118 -4.261794 130
119 -2.849670 400
120 -4.251327 102
121 -9.333598 122
122 -5.328243 25
123 -8.059636 30
124 0.000000 3
125 0.000000 0
126 0.000000 0
127 0.000000 0
128 0.000000 0
129 0.000000 0
130 -10.510971 89
131 0.000000 0
132 -5.806849 35
133 1.797058 96
134 2.524863 25
135 -0.283076 128
136 -5.610892 193
137 0.000000 15
138 0.000000 0
139 -1.522368 159
140 -5.418123 101
141 -8.593535 73
142 -15.846464 35
143 -10.767867 61
144 0.000000 2
145 -9.971769 28
146 -10.230397 77
147 -5.570888 461
148 0.028164 242
149 -4.429943 221
150 -4.651743 102
151 0.207946 171
152 -5.845915 72
153 -4.738381 52
154 -1.170103 28
155 0.000000 0
156 0.000000 0
157 0.000000 1
158 0.000000 1
159 0.000000 8
160 0.000000 2
161 -3.877094 343
162 -5.611002 398
163 -2.362491 665
164 -4.580313 102
165 -0.246208 72
166 0.000000 4
167 0.000000 0
168 0.000000 0

[ECalTiming]
p0 -43.152900
p1 0.986600

[TimeWalk]
p1_L1 19.736000
p1_L2 18.037000
totref_L1 12.000000
totref_L2 12.000000
totmin 5.000000
totmax 30.000000
