# CDet master calibration constants

[BarOffsets]
1 0.000000 0
2 0.000000 0
3 0.000000 0
4 0.000000 5
5 0.000000 11
6 0.000000 3
7 0.000000 17
8 0.000000 6
9 0.000000 18
10 -6.196894 25
11 0.000000 19
12 0.000000 3
13 0.000000 2
14 0.000000 14
15 -2.178277 20
16 0.000000 11
17 -2.221030 30
18 0.000000 19
19 0.000000 17
20 -4.611043 20
21 -2.860516 24
22 -5.515535 54
23 0.000000 0
24 0.000000 12
25 0.000000 0
26 0.000000 5
27 -5.127093 42
28 -2.445801 39
29 0.000000 18
30 6.413287 62
31 -8.504791 101
32 0.000000 7
33 0.000000 13
34 -5.660483 46
35 -6.625386 62
36 -0.551777 20
37 -5.402006 46
38 0.000000 16
39 0.000000 1
40 0.000000 0
41 0.000000 0
42 0.000000 0
43 0.000000 0
44 0.000000 0
45 0.000000 1
46 0.000000 6
47 0.000000 12
48 0.000000 15
49 -4.180732 38
50 0.000000 15
51 -5.208340 38
52 0.407777 55
53 0.000000 11
54 0.000000 0
55 0.526200 30
56 -3.004883 27
57 6.377387 22
58 0.000000 17
59 0.000000 12
60 0.000000 1
61 0.000000 9
62 -4.769616 21
63 -1.654391 83
64 -5.927622 104
65 -4.868532 54
66 0.428818 31
67 -21.145532 31
68 -4.000838 23
69 -8.316532 32
70 0.000000 0
71 0.000000 0
72 0.000000 0
73 0.000000 0
74 0.000000 0
75 0.000000 4
76 -6.875861 25
77 -4.914913 129
78 -9.005273 169
79 -9.817204 33
80 0.000000 11
81 0.000000 6
82 0.000000 0
83 0.000000 0
84 0.000000 0
85 0.000000 0
86 0.000000 0
87 0.000000 0
88 0.000000 4
89 0.000000 14
90 0.000000 6
91 -3.692305 25
92 0.000000 4
93 0.000000 13
94 -3.421931 35
95 0.000000 17
96 0.000000 2
97 0.000000 2
98 0.000000 12
99 -2.583458 20
100 0.000000 12
101 -11.089800 32
102 -6.558164 20
103 0.000000 18
104 -5.007402 20
105 2.335988 31
106 -0.551520 52
107 0.000000 0
108 0.000000 8
109 0.000000 7
110 0.000000 4
111 -3.444225 21
112 -2.118645 65
113 -2.119157 20
114 -4.911096 58
115 -6.004542 105
116 0.000000 14
117 0.000000 12
118 -3.751922 29
119 -3.522165 97
120 -1.387344 30
121 -4.628771 37
122 0.000000 12
123 0.000000 4
124 0.000000 0
125 0.000000 0
126 0.000000 0
127 0.000000 0
128 0.000000 0
129 0.000000 0
130 0.000000 19
131 0.000000 0
132 -2.768529 20
133 1.834340 48
134 1.464466 20
135 -2.372898 46
136 -4.173421 74
137 0.000000 6
138 0.000000 0
139 0.429555 33
140 4.190876 29
141 0.000000 19
142 0.000000 9
143 0.000000 12
144 0.000000 0
145 0.000000 9
146 -4.600589 21
147 -4.911599 90
148 -0.423638 91
149 -3.252600 92
150 -4.685130 27
151 1.792586 53
152 -3.681595 27
153 -6.315405 25
154 0.000000 8
155 0.000000 0
156 0.000000 0
157 0.000000 0
158 0.000000 0
159 0.000000 2
160 0.000000 0
161 -3.612743 119
162 -5.037969 141
163 -2.149334 179
164 7.950661 28
165 0.000000 12
166 0.000000 2
167 0.000000 0
168 0.000000 0

[ECalTiming]
p0 -43.152900
p1 0.986600

[TimeWalk]
p1_L1 19.736000
p1_L2 18.037000
totref_L1 12.000000
totref_L2 12.000000
totmin 5.000000
totmax 30.000000
