# CDet master calibration constants

[BarOffsets]
1 0.000000 0
2 0.000000 0
3 0.000000 0
4 0.000000 0
5 0.000000 16
6 0.000000 4
7 1.896380 37
8 0.000000 13
9 -0.758444 33
10 0.000000 19
11 -3.844180 42
12 -1.039505 22
13 0.000000 18
14 -5.422013 116
15 -4.859214 83
16 -1.019732 44
17 -1.051232 55
18 0.002646 97
19 1.559550 63
20 0.423089 68
21 1.473320 28
22 0.772064 31
23 0.000000 3
24 -4.018714 46
25 0.000000 0
26 -3.446906 120
27 2.856346 386
28 4.076656 339
29 -2.070007 266
30 4.741738 330
31 0.271952 771
32 -0.684384 98
33 -6.617953 184
34 2.522759 98
35 3.710927 80
36 2.088677 28
37 3.757077 50
38 -1.576323 23
39 0.000000 4
40 0.000000 0
41 0.000000 0
42 0.000000 0
43 0.000000 0
44 0.000000 0
45 0.000000 0
46 0.000000 1
47 0.000000 1
48 0.000000 7
49 0.000000 9
50 -2.942875 145
51 -9.047123 100
52 -1.287930 56
53 -8.257812 47
54 0.000000 3
55 -0.843148 63
56 -0.678858 71
57 0.826507 106
58 2.391316 144
59 0.147110 67
60 2.995760 24
61 -3.205037 70
62 0.781846 71
63 2.224615 128
64 -0.717962 122
65 0.059172 91
66 0.651080 77
67 -5.336454 152
68 3.497888 38
69 -0.186105 138
70 0.000000 16
71 0.000000 0
72 0.000000 4
73 0.000000 0
74 0.000000 0
75 0.000000 7
76 0.332481 92
77 1.889074 189
78 -3.206707 52
79 -3.130257 122
80 -5.353109 28
81 0.000000 8
82 0.000000 0
83 0.000000 0
84 0.000000 0
85 0.000000 0
86 0.000000 0
87 0.000000 0
88 0.000000 0
89 0.000000 19
90 0.000000 11
91 -5.992068 47
92 0.000000 11
93 -7.661439 43
94 -1.162477 26
95 -5.478207 69
96 -8.109823 20
97 0.000000 18
98 -9.707661 127
99 0.315857 78
100 -1.660323 45
101 -4.570662 53
102 -3.547127 87
103 -0.973990 60
104 0.698677 70
105 6.896484 57
106 6.552361 38
107 0.000000 0
108 3.821324 34
109 -2.587192 23
110 -3.895212 45
111 1.678111 309
112 6.294075 477
113 4.248958 303
114 -0.055159 189
115 0.862197 831
116 1.108927 40
117 1.726651 232
118 2.784893 74
119 5.330434 111
120 3.970199 46
121 -2.942573 32
122 -7.161474 33
123 0.000000 4
124 0.000000 0
125 0.000000 0
126 0.000000 0
127 0.000000 0
128 0.000000 0
129 0.000000 0
130 0.000000 3
131 0.000000 0
132 0.000000 9
133 0.321296 21
134 -2.333885 201
135 -3.559145 124
136 -4.132558 85
137 -0.964609 35
138 0.000000 0
139 -1.660158 73
140 -4.089533 81
141 -9.833727 104
142 -10.545707 65
143 -9.656159 61
144 0.000000 17
145 -8.619101 72
146 -8.442415 87
147 -1.635631 130
148 5.047999 118
149 1.408252 94
150 -0.322609 70
151 6.538131 247
152 3.334981 92
153 -0.356427 96
154 4.802288 36
155 0.000000 0
156 0.000000 0
157 0.000000 0
158 0.000000 0
159 0.000000 1
160 0.000000 3
161 1.523203 190
162 1.368032 124
163 4.178509 149
164 3.667010 54
165 0.000000 11
166 0.000000 0
167 0.000000 0
168 0.000000 0

[ECalTiming]
p0 -43.152900
p1 0.986600

[TimeWalk]
p1_L1 19.736000
p1_L2 18.037000
totref_L1 12.000000
totref_L2 12.000000
totmin 5.000000
totmax 30.000000
