# CDet master calibration constants

[BarOffsets]
1 0.000000 0
2 0.000000 0
3 0.000000 0
4 0.000000 1
5 0.000000 4
6 0.000000 2
7 0.000000 7
8 0.000000 0
9 0.000000 5
10 0.000000 6
11 0.000000 8
12 0.000000 2
13 0.000000 0
14 0.000000 6
15 0.000000 9
16 0.000000 3
17 0.000000 9
18 0.000000 3
19 0.000000 6
20 0.000000 5
21 0.000000 1
22 0.000000 7
23 0.000000 1
24 0.000000 3
25 0.000000 0
26 0.000000 3
27 0.000000 11
28 0.000000 7
29 0.000000 4
30 0.000000 13
31 0.000000 19
32 0.000000 0
33 0.000000 5
34 0.000000 4
35 0.000000 9
36 0.000000 4
37 0.000000 12
38 0.000000 8
39 0.000000 1
40 0.000000 1
41 0.000000 0
42 0.000000 0
43 0.000000 0
44 0.000000 0
45 0.000000 0
46 0.000000 1
47 0.000000 6
48 0.000000 5
49 0.000000 3
50 0.000000 1
51 0.000000 14
52 0.000000 2
53 0.000000 3
54 0.000000 0
55 0.000000 1
56 0.000000 3
57 0.000000 4
58 0.000000 14
59 0.000000 13
60 0.000000 1
61 0.000000 4
62 0.000000 0
63 8.355100 22
64 0.000000 18
65 0.000000 14
66 0.000000 17
67 0.000000 12
68 0.000000 2
69 0.000000 5
70 0.000000 0
71 0.000000 0
72 0.000000 1
73 0.000000 0
74 0.000000 0
75 0.000000 4
76 0.000000 3
77 0.000000 17
78 -0.876201 26
79 0.000000 12
80 0.000000 6
81 0.000000 5
82 0.000000 0
83 0.000000 0
84 0.000000 0
85 0.000000 0
86 0.000000 0
87 0.000000 0
88 0.000000 2
89 0.000000 3
90 0.000000 1
91 0.000000 7
92 0.000000 1
93 0.000000 7
94 0.000000 7
95 0.000000 10
96 0.000000 2
97 0.000000 0
98 0.000000 8
99 0.000000 9
100 0.000000 4
101 0.000000 7
102 0.000000 5
103 0.000000 5
104 0.000000 6
105 0.000000 9
106 0.000000 7
107 0.000000 3
108 0.000000 4
109 0.000000 2
110 0.000000 0
111 0.000000 10
112 0.000000 11
113 0.000000 6
114 0.000000 11
115 0.905147 21
116 0.000000 0
117 0.000000 4
118 0.000000 1
119 0.000000 18
120 0.000000 5
121 0.000000 8
122 0.000000 6
123 0.000000 5
124 0.000000 2
125 0.000000 0
126 0.000000 0
127 0.000000 0
128 0.000000 0
129 0.000000 0
130 0.000000 5
131 0.000000 0
132 0.000000 6
133 0.000000 4
134 0.000000 4
135 0.000000 9
136 0.000000 9
137 0.000000 0
138 0.000000 0
139 0.000000 3
140 0.000000 2
141 0.000000 6
142 0.000000 4
143 0.000000 15
144 0.000000 1
145 0.000000 5
146 0.000000 6
147 0.000000 18
148 0.000000 8
149 0.000000 7
150 0.000000 17
151 0.000000 15
152 0.000000 3
153 0.000000 6
154 0.000000 0
155 0.000000 0
156 0.000000 0
157 0.000000 0
158 0.000000 0
159 0.000000 0
160 0.000000 0
161 0.000000 18
162 -8.952211 23
163 1.438044 36
164 0.000000 12
165 0.000000 6
166 0.000000 0
167 0.000000 0
168 0.000000 0

[ECalTiming]
p0 -43.152900
p1 0.986600

[TimeWalk]
p1_L1 19.736000
p1_L2 18.037000
totref_L1 12.000000
totref_L2 12.000000
totmin 5.000000
totmax 30.000000
