# CDet master calibration constants

[BarOffsets]
1 0.000000 0
2 0.000000 0
3 0.000000 0
4 0.000000 3
5 0.000000 11
6 0.000000 3
7 -0.957619 30
8 0.000000 0
9 0.232627 47
10 0.584163 116
11 -1.212326 88
12 -1.278500 65
13 3.205141 26
14 -1.341156 55
15 -2.794367 42
16 0.502083 40
17 -1.404050 54
18 -0.936684 55
19 1.391546 48
20 0.448329 37
21 0.859825 25
22 -0.205627 82
23 0.000000 2
24 -6.513947 57
25 0.000000 0
26 -8.608742 191
27 -0.711517 385
28 1.104849 256
29 -4.591612 219
30 5.636257 637
31 -2.995576 822
32 -4.053228 56
33 -9.008600 241
34 0.171181 285
35 1.101236 259
36 -3.731096 95
37 1.361375 246
38 -3.260176 191
39 0.000000 6
40 0.000000 0
41 0.000000 0
42 0.000000 0
43 0.000000 0
44 0.000000 0
45 0.000000 2
46 0.000000 6
47 -4.215776 38
48 0.000000 11
49 2.189225 20
50 0.000000 2
51 -6.178429 89
52 0.000000 13
53 -7.886732 37
54 0.000000 3
55 5.268107 67
56 4.344604 53
57 4.488640 141
58 2.556714 135
59 -0.176200 116
60 2.897405 31
61 -1.671801 55
62 0.000000 4
63 2.388431 189
64 0.547168 199
65 -1.109675 90
66 -1.025665 115
67 -7.507185 596
68 -0.851915 79
69 -4.060256 245
70 0.000000 14
71 0.000000 0
72 0.000000 3
73 0.000000 10
74 0.000000 1
75 0.000000 7
76 -0.947970 106
77 0.174129 360
78 -5.211572 664
79 -9.170929 468
80 -12.940143 645
81 -13.427379 141
82 0.000000 1
83 0.000000 0
84 0.000000 0
85 0.000000 0
86 0.000000 0
87 0.000000 0
88 0.000000 2
89 0.000000 10
90 0.000000 6
91 -0.734043 37
92 0.000000 5
93 -5.142769 55
94 0.543347 145
95 -5.795486 101
96 -11.649364 83
97 0.000000 12
98 -6.462416 56
99 1.230390 46
100 0.520162 38
101 -1.623030 61
102 -3.060529 57
103 -1.275283 47
104 0.559156 34
105 4.774646 53
106 5.010501 93
107 0.000000 3
108 2.189880 54
109 0.555212 23
110 -3.364430 72
111 -1.529264 256
112 3.457915 501
113 0.829203 233
114 0.523540 427
115 -1.181221 872
116 -0.749472 46
117 -0.262233 267
118 0.974295 179
119 3.494139 456
120 0.266677 121
121 -5.293605 203
122 -10.622684 210
123 -5.440548 55
124 0.000000 5
125 0.000000 0
126 0.000000 0
127 0.000000 0
128 0.000000 0
129 0.000000 2
130 -6.235746 53
131 0.000000 0
132 0.000000 11
133 6.184778 42
134 0.000000 6
135 1.764830 85
136 -0.814868 64
137 0.000000 0
138 0.000000 0
139 4.157839 91
140 1.056784 58
141 -8.114484 146
142 -9.261250 67
143 -10.293677 119
144 -13.289773 33
145 -9.069797 48
146 -7.806609 25
147 -0.537306 178
148 5.232150 123
149 0.490067 111
150 1.016657 94
151 4.495163 726
152 0.125516 149
153 -0.938259 210
154 3.523190 68
155 0.000000 2
156 0.000000 0
157 0.000000 0
158 0.000000 0
159 0.000000 4
160 0.000000 2
161 1.448765 388
162 -0.926522 513
163 1.387202 1261
164 -2.345487 665
165 2.795131 338
166 0.000000 11
167 0.000000 0
168 0.000000 0

[ECalTiming]
p0 -43.152900
p1 0.986600

[TimeWalk]
p1_L1 19.736000
p1_L2 18.037000
totref_L1 12.000000
totref_L2 12.000000
totmin 5.000000
totmax 30.000000
