# CDet master calibration constants

[BarOffsets]
1 0.000000 0
2 0.000000 0
3 0.000000 0
4 0.571044 32
5 -6.908616 482
6 -7.681792 181
7 -0.040414 687
8 -8.053944 522
9 -3.203736 700
10 -4.721436 436
11 -4.589280 433
12 -4.900082 366
13 -1.092488 323
14 -3.915768 980
15 -4.649698 1131
16 -2.314931 1172
17 -3.918748 1117
18 -1.419215 1162
19 -0.084211 1097
20 0.821860 1001
21 3.649482 453
22 -0.192558 862
23 -1.595821 70
24 -4.288724 1295
25 0.000000 0
26 -8.817936 1402
27 0.645999 3472
28 2.643981 3281
29 -3.188310 2784
30 5.687615 4156
31 -0.810755 5160
32 -2.353896 931
33 -7.347629 1878
34 0.822630 1286
35 3.640381 1701
36 -0.320478 2218
37 3.578882 1730
38 -1.201772 629
39 -3.555753 32
40 0.000000 2
41 0.000000 0
42 0.000000 0
43 0.000000 0
44 0.000000 0
45 0.000000 9
46 -7.704362 104
47 -9.674388 225
48 -7.701888 334
49 -6.163326 416
50 -4.086047 599
51 -11.876118 1139
52 -3.326459 638
53 -10.896160 658
54 -2.911242 76
55 -2.400491 781
56 -1.929804 877
57 1.400196 1011
58 0.533521 1700
59 -1.125833 1110
60 -0.409939 358
61 -2.600440 685
62 -0.031238 816
63 1.589672 1779
64 -1.555591 1508
65 -1.453920 1527
66 -4.763783 711
67 -6.659643 1448
68 0.932160 497
69 -3.850794 1536
70 -0.222813 230
71 0.000000 0
72 1.316231 55
73 0.000000 12
74 0.000000 18
75 -0.411749 90
76 0.144621 1285
77 1.740991 3401
78 -3.583420 1243
79 -5.280923 1525
80 -7.983012 730
81 -8.493592 158
82 0.000000 1
83 0.000000 0
84 0.000000 0
85 0.000000 0
86 0.000000 0
87 0.000000 1
88 -9.476861 38
89 -5.022398 545
90 -3.785869 221
91 -7.333593 949
92 -12.788082 525
93 -10.885428 703
94 -4.274070 516
95 -9.251765 578
96 -12.278527 499
97 -9.632392 319
98 -11.301831 1088
99 -0.762539 1269
100 -2.368447 1010
101 -5.131294 1210
102 -4.522044 1102
103 -1.538171 1175
104 0.124844 1029
105 13.407228 1021
106 5.271640 946
107 0.000000 12
108 3.069917 1339
109 -0.697880 224
110 -4.400953 579
111 -0.123086 2457
112 5.559838 4930
113 3.030566 3047
114 -0.241737 2589
115 0.512979 5711
116 0.863013 771
117 1.477628 2028
118 1.848346 1270
119 5.595903 1798
120 2.824520 2433
121 -3.607421 1893
122 -8.022323 881
123 -4.748736 164
124 0.000000 13
125 0.000000 0
126 0.000000 0
127 0.000000 0
128 0.000000 0
129 0.000000 8
130 -14.301390 342
131 0.000000 0
132 -8.721077 437
133 -1.772426 672
134 -2.911251 783
135 -3.705657 1350
136 -7.101693 995
137 -2.101746 472
138 0.000000 0
139 -1.177836 1147
140 -4.447967 903
141 -11.579482 1175
142 -11.483505 814
143 -11.434342 1078
144 -16.168093 245
145 -8.821608 811
146 -9.648207 950
147 -2.660117 1905
148 4.638885 1540
149 0.830400 1653
150 0.195981 792
151 6.241683 2314
152 2.647445 855
153 -0.516901 1257
154 3.441748 674
155 0.000000 6
156 0.000000 0
157 0.000000 6
158 0.000000 2
159 45.171692 31
160 6.772609 48
161 2.570463 4109
162 2.205638 2099
163 4.961949 3703
164 2.905222 969
165 6.842191 417
166 0.000000 12
167 0.000000 0
168 0.000000 0

[ECalTiming]
p0 -43.152900
p1 0.986600

[TimeWalk]
p1_L1 19.736000
p1_L2 18.037000
totref_L1 12.000000
totref_L2 12.000000
totmin 5.000000
totmax 30.000000
