# CDet master calibration constants

[BarOffsets]
1 0.000000 0
2 0.000000 0
3 0.000000 0
4 0.000000 2
5 0.000000 17
6 0.000000 6
7 0.000000 15
8 0.000000 12
9 0.000000 14
10 -5.235720 36
11 0.000000 16
12 0.000000 2
13 0.000000 2
14 0.000000 9
15 0.000000 11
16 0.000000 6
17 39.209622 20
18 0.000000 10
19 0.000000 14
20 -2.606658 21
21 -2.196502 36
22 -6.306568 43
23 0.000000 3
24 0.000000 17
25 0.000000 0
26 0.000000 9
27 0.000000 14
28 -12.263111 20
29 0.000000 11
30 4.578088 35
31 -5.767883 64
32 0.000000 5
33 0.000000 11
34 -2.546739 49
35 -4.954246 57
36 -7.055506 21
37 -1.612152 61
38 0.000000 13
39 0.000000 1
40 0.000000 0
41 0.000000 0
42 0.000000 0
43 0.000000 0
44 0.000000 0
45 0.000000 1
46 0.000000 2
47 -3.265859 21
48 0.000000 4
49 -2.984728 26
50 0.000000 11
51 -8.632194 41
52 -0.678473 28
53 0.000000 10
54 0.000000 0
55 0.000000 19
56 0.000000 12
57 0.000000 14
58 5.410936 23
59 0.000000 8
60 0.000000 4
61 0.000000 5
62 0.296142 27
63 -0.823381 72
64 -4.832795 58
65 -5.339892 25
66 5.447016 24
67 0.000000 10
68 0.000000 17
69 0.000000 19
70 0.000000 0
71 0.000000 0
72 0.000000 1
73 0.000000 4
74 0.000000 0
75 0.000000 0
76 -4.671698 22
77 -3.988084 76
78 -9.739957 113
79 -3.442226 28
80 0.000000 10
81 0.000000 7
82 0.000000 0
83 0.000000 0
84 0.000000 0
85 0.000000 0
86 0.000000 0
87 0.000000 0
88 0.000000 3
89 0.000000 19
90 0.000000 4
91 -2.320248 26
92 0.000000 5
93 0.000000 17
94 -3.566582 38
95 -8.018166 22
96 0.000000 1
97 0.000000 1
98 0.000000 7
99 0.000000 9
100 0.000000 10
101 -10.096979 20
102 0.000000 10
103 0.000000 13
104 -2.250496 22
105 0.535867 42
106 0.763551 47
107 0.000000 0
108 0.000000 14
109 0.000000 6
110 0.000000 7
111 0.000000 8
112 -3.629052 25
113 0.000000 13
114 -4.232608 33
115 -4.815422 66
116 0.000000 6
117 -3.842488 20
118 -2.088181 35
119 -2.553273 82
120 -4.353969 31
121 -7.797631 53
122 0.000000 14
123 0.000000 5
124 0.000000 0
125 0.000000 0
126 0.000000 0
127 0.000000 0
128 0.000000 0
129 0.000000 1
130 -4.202190 24
131 0.000000 1
132 0.000000 9
133 2.488829 41
134 0.000000 12
135 -0.308245 61
136 -4.047618 48
137 0.000000 5
138 0.000000 0
139 -1.704721 25
140 0.000000 11
141 0.000000 19
142 0.000000 8
143 0.000000 10
144 0.000000 2
145 0.000000 7
146 -8.518810 23
147 -3.193630 90
148 1.135485 51
149 -0.738446 45
150 -8.388809 22
151 -2.533336 28
152 1.856410 22
153 0.000000 13
154 0.000000 4
155 0.000000 0
156 0.000000 0
157 0.000000 1
158 0.000000 0
159 0.000000 0
160 0.000000 0
161 -3.478551 81
162 -4.461499 86
163 -1.582220 144
164 -2.001002 36
165 0.000000 11
166 0.000000 0
167 0.000000 0
168 0.000000 0

[ECalTiming]
p0 -43.152900
p1 0.986600

[TimeWalk]
p1_L1 19.736000
p1_L2 18.037000
totref_L1 12.000000
totref_L2 12.000000
totmin 5.000000
totmax 30.000000
