# CDet master calibration constants

[BarOffsets]
1 0.000000 0
2 0.000000 0
3 0.000000 1
4 0.000000 0
5 -6.813282 21
6 0.000000 4
7 2.404239 22
8 -6.748068 21
9 -3.638766 25
10 -4.552819 41
11 -5.115903 34
12 -4.398456 21
13 0.000000 18
14 -6.583539 119
15 -5.268187 101
16 -2.500613 48
17 -3.984031 80
18 -0.723013 71
19 -1.034991 85
20 0.857783 68
21 5.426479 32
22 -0.447948 41
23 0.000000 2
24 -4.372395 49
25 0.000000 0
26 -9.309190 167
27 1.439249 466
28 3.554346 391
29 -2.723661 261
30 9.338520 389
31 -0.385466 811
32 -2.171663 103
33 -7.173858 141
34 -0.832255 113
35 3.565688 90
36 1.076031 42
37 4.258060 57
38 -1.512252 42
39 0.000000 0
40 0.000000 0
41 0.000000 0
42 0.000000 0
43 0.000000 0
44 0.000000 0
45 0.000000 0
46 0.000000 1
47 0.000000 3
48 0.000000 5
49 0.000000 5
50 -3.531608 152
51 -14.461121 123
52 -3.204944 61
53 -10.533366 51
54 0.000000 3
55 -2.519945 73
56 -1.778198 90
57 1.509081 114
58 0.899544 172
59 -1.024383 96
60 0.430962 27
61 -4.701279 67
62 0.801890 81
63 1.692752 147
64 -1.353208 138
65 -1.223304 125
66 0.995375 88
67 -6.567235 161
68 1.221600 43
69 -4.639368 123
70 -1.431959 22
71 0.000000 0
72 0.000000 5
73 0.000000 0
74 0.000000 0
75 0.000000 5
76 0.769687 108
77 1.793716 202
78 -5.744848 45
79 -4.443757 72
80 -7.528491 52
81 0.000000 10
82 0.000000 1
83 0.000000 0
84 0.000000 0
85 0.000000 0
86 0.000000 0
87 0.000000 1
88 0.000000 0
89 -5.336422 22
90 0.000000 4
91 -11.713311 38
92 -9.687579 22
93 -10.157717 42
94 -3.137302 36
95 -10.689807 49
96 -11.560170 38
97 0.000000 12
98 -19.140210 127
99 -0.922750 113
100 -22.388920 42
101 -4.902946 79
102 -4.053056 71
103 -3.227474 96
104 0.626474 76
105 9.907430 76
106 4.634171 41
107 0.000000 0
108 3.744199 40
109 -4.131599 23
110 -5.258316 68
111 0.433824 371
112 5.990060 546
113 3.328143 297
114 -1.255801 228
115 0.559845 850
116 3.479563 21
117 1.262998 199
118 1.167246 84
119 4.859858 120
120 2.824721 49
121 -1.668956 59
122 -8.347825 50
123 0.000000 9
124 0.000000 0
125 0.000000 0
126 0.000000 0
127 0.000000 0
128 0.000000 0
129 0.000000 0
130 0.000000 9
131 0.000000 1
132 0.000000 6
133 0.000000 18
134 -2.933441 190
135 -4.427003 157
136 -6.328327 92
137 -2.434913 39
138 0.000000 0
139 -2.393647 90
140 -4.509986 101
141 -11.019257 121
142 -11.514854 84
143 -11.267860 97
144 0.000000 18
145 -9.906375 72
146 -10.542446 86
147 -2.605906 182
148 5.627165 153
149 -0.895692 139
150 -0.624467 72
151 6.162707 242
152 5.548890 71
153 -2.197917 88
154 0.766145 45
155 0.000000 0
156 0.000000 0
157 0.000000 0
158 0.000000 0
159 0.000000 0
160 0.000000 1
161 1.592979 217
162 0.967200 126
163 4.676644 125
164 2.112876 39
165 5.739778 30
166 0.000000 0
167 0.000000 0
168 0.000000 0

[ECalTiming]
p0 -43.152900
p1 0.986600

[TimeWalk]
p1_L1 19.736000
p1_L2 18.037000
totref_L1 12.000000
totref_L2 12.000000
totmin 5.000000
totmax 30.000000
