# CDet master calibration constants

[BarOffsets]
1 0.000000 0
2 0.000000 0
3 0.000000 0
4 0.000000 1
5 -6.908643 58
6 -9.213279 38
7 1.636608 83
8 -7.773856 90
9 -2.235127 88
10 -4.622831 71
11 -5.246470 69
12 -5.864229 77
13 -0.872753 60
14 -3.518836 183
15 -4.017734 206
16 -1.545726 214
17 -4.407305 207
18 -1.043239 211
19 -0.167843 176
20 1.718792 143
21 4.603125 57
22 -0.678230 137
23 0.000000 9
24 -4.567415 234
25 0.000000 0
26 -8.424003 223
27 0.962653 494
28 3.152774 511
29 -2.574246 478
30 5.264542 649
31 -0.560187 905
32 -2.226549 137
33 -6.650824 282
34 0.108283 226
35 3.641017 206
36 0.199569 287
37 3.932894 249
38 -0.944323 98
39 0.000000 4
40 0.000000 0
41 0.000000 0
42 0.000000 0
43 0.000000 0
44 0.000000 0
45 0.000000 0
46 0.000000 16
47 -9.345123 28
48 -8.397217 38
49 -5.493161 57
50 -4.269883 115
51 -12.163845 167
52 -3.195454 99
53 -12.487775 108
54 0.000000 16
55 -2.271511 164
56 -1.079508 155
57 2.284999 209
58 0.702876 243
59 -0.584253 194
60 0.007013 46
61 -2.907388 133
62 -0.458751 122
63 2.435676 282
64 -1.346429 231
65 -1.309611 233
66 -5.271630 145
67 -6.964671 252
68 0.017634 62
69 -3.358626 229
70 2.627424 27
71 0.000000 0
72 0.000000 9
73 0.000000 0
74 0.000000 6
75 0.000000 8
76 0.550782 238
77 1.975765 602
78 -3.245611 220
79 -5.596051 238
80 -6.903186 110
81 0.000000 12
82 0.000000 0
83 0.000000 0
84 0.000000 0
85 0.000000 0
86 0.000000 0
87 0.000000 0
88 0.000000 3
89 -4.242662 85
90 -2.205824 24
91 -7.664673 129
92 -12.515861 96
93 -12.326591 94
94 -4.022831 79
95 -9.163252 116
96 -11.338035 99
97 -9.468126 54
98 -11.588298 198
99 0.135061 239
100 -2.320428 183
101 -5.323751 228
102 -3.270644 189
103 -1.173500 196
104 0.448376 151
105 18.023811 133
106 5.559801 132
107 0.000000 3
108 3.170196 242
109 -1.731398 36
110 -4.640151 102
111 0.042635 347
112 5.920681 763
113 3.882847 524
114 0.245652 449
115 1.033518 990
116 0.930721 115
117 2.021495 273
118 2.318344 231
119 6.358001 232
120 3.111146 305
121 -2.873353 270
122 -8.413723 119
123 -1.353120 32
124 0.000000 0
125 0.000000 0
126 0.000000 0
127 0.000000 0
128 0.000000 0
129 0.000000 2
130 -12.634000 41
131 0.000000 0
132 -7.700095 60
133 -1.182623 71
134 -3.072600 121
135 -3.413385 210
136 -6.861464 137
137 -2.418785 85
138 0.000000 0
139 -0.646035 233
140 -4.078764 157
141 -10.760289 237
142 -10.783295 131
143 -9.901289 204
144 -12.090975 32
145 -8.601265 136
146 -8.904489 155
147 -1.293379 309
148 4.929050 250
149 1.047632 264
150 0.720675 132
151 6.535361 424
152 2.492170 124
153 -0.149613 196
154 3.525449 79
155 0.000000 0
156 0.000000 0
157 0.000000 0
158 0.000000 1
159 0.000000 3
160 0.000000 4
161 3.086587 738
162 2.275513 384
163 4.459583 523
164 4.028945 148
165 6.929050 48
166 0.000000 2
167 0.000000 0
168 0.000000 0

[ECalTiming]
p0 -43.152900
p1 0.986600

[TimeWalk]
p1_L1 19.736000
p1_L2 18.037000
totref_L1 12.000000
totref_L2 12.000000
totmin 5.000000
totmax 30.000000
