# CDet master calibration constants

[BarOffsets]
1 0.000000 0
2 0.000000 0
3 0.000000 0
4 0.000000 1
5 -0.937487 34
6 0.000000 6
7 9.099538 27
8 0.000000 18
9 0.537001 32
10 -2.012919 33
11 -2.846917 21
12 0.000000 2
13 0.000000 1
14 -2.074784 22
15 -5.169594 65
16 1.042711 39
17 -2.108029 61
18 0.651725 43
19 -0.827463 69
20 -0.560178 84
21 0.650490 28
22 -3.829095 41
23 0.000000 1
24 -7.258916 37
25 0.000000 0
26 5.883787 21
27 -2.763594 464
28 -0.603630 355
29 -9.672408 95
30 8.520857 266
31 -5.885709 832
32 0.000000 17
33 0.000000 18
34 -2.551458 114
35 -1.337498 171
36 -7.037183 99
37 -1.775503 91
38 0.000000 10
39 0.000000 1
40 0.000000 1
41 0.000000 0
42 0.000000 0
43 0.000000 0
44 0.000000 0
45 0.000000 0
46 0.000000 4
47 0.000000 10
48 0.000000 10
49 0.000000 19
50 11.160926 25
51 0.421183 45
52 2.078900 57
53 0.000000 15
54 0.000000 1
55 1.321031 39
56 -0.603595 39
57 3.081545 21
58 4.020540 28
59 0.000000 15
60 0.000000 2
61 0.000000 6
62 0.823972 26
63 1.993676 124
64 -2.733392 101
65 -3.774827 72
66 1.848926 40
67 -8.703959 36
68 -3.660407 33
69 -7.736230 26
70 0.000000 1
71 0.000000 0
72 0.000000 1
73 0.000000 9
74 0.000000 0
75 0.000000 6
76 -3.842753 177
77 -2.088189 556
78 -8.289644 293
79 -3.400953 22
80 0.000000 3
81 0.000000 0
82 0.000000 0
83 0.000000 0
84 0.000000 0
85 0.000000 0
86 0.000000 0
87 0.000000 0
88 0.000000 2
89 1.710372 36
90 0.000000 9
91 -7.177454 42
92 0.000000 16
93 -7.149458 30
94 -1.539398 44
95 0.000000 16
96 0.000000 5
97 0.000000 2
98 -9.534848 22
99 0.783008 70
100 -2.785399 36
101 -4.548564 64
102 -3.267529 44
103 -3.935033 71
104 -1.337638 80
105 7.521736 60
106 1.375202 37
107 0.000000 0
108 -1.690394 37
109 0.000000 10
110 0.000000 8
111 -2.759877 148
112 1.351893 708
113 -0.798991 102
114 -2.889608 222
115 -3.367364 852
116 32.072355 26
117 -4.827478 31
118 -0.362063 89
119 0.308946 168
120 -2.192683 153
121 -7.992608 90
122 0.000000 8
123 0.000000 6
124 0.000000 2
125 0.000000 0
126 0.000000 0
127 0.000000 0
128 0.000000 0
129 0.000000 0
130 0.000000 16
131 0.000000 0
132 0.000000 12
133 6.497251 28
134 9.087873 35
135 3.180600 57
136 -2.382930 70
137 0.000000 11
138 0.000000 0
139 1.389971 48
140 -5.003602 42
141 0.000000 19
142 0.000000 15
143 0.000000 13
144 0.000000 0
145 0.000000 8
146 -5.833108 25
147 -2.582043 147
148 3.158127 93
149 -1.702946 86
150 -2.184340 27
151 4.926296 78
152 -2.143160 36
153 0.000000 19
154 0.000000 14
155 0.000000 0
156 0.000000 0
157 0.000000 0
158 0.000000 0
159 0.000000 1
160 0.000000 1
161 -1.384467 597
162 -2.150533 407
163 -0.384188 205
164 0.000000 13
165 0.000000 2
166 0.000000 0
167 0.000000 0
168 0.000000 0

[ECalTiming]
p0 -43.152900
p1 0.986600

[TimeWalk]
p1_L1 19.736000
p1_L2 18.037000
totref_L1 12.000000
totref_L2 12.000000
totmin 5.000000
totmax 30.000000
