# CDet master calibration constants

[BarOffsets]
1 0.000000 0
2 0.000000 0
3 0.000000 0
4 0.000000 0
5 0.000000 7
6 0.000000 3
7 3.836235 35
8 -5.155789 24
9 0.000000 14
10 -2.101795 35
11 -4.022037 22
12 0.000000 18
13 0.000000 4
14 -3.341562 32
15 -4.276370 96
16 -3.501297 32
17 -2.218321 45
18 -2.489972 23
19 -3.155519 42
20 -0.844995 92
21 2.199588 69
22 -2.389308 60
23 0.000000 1
24 0.000000 19
25 0.000000 0
26 -2.200342 97
27 -2.171897 2092
28 0.150533 2969
29 -11.135113 293
30 7.422150 463
31 -6.588931 949
32 -2.914695 23
33 -8.408682 33
34 -3.792590 238
35 -2.822518 323
36 -16.290072 178
37 -3.091349 122
38 -4.169947 20
39 0.000000 5
40 0.000000 0
41 0.000000 0
42 0.000000 0
43 0.000000 0
44 0.000000 0
45 0.000000 0
46 0.000000 9
47 2.633703 20
48 0.000000 15
49 -0.348164 27
50 0.000000 15
51 -6.358297 27
52 0.478686 52
53 0.000000 16
54 0.000000 1
55 1.318126 42
56 4.065123 22
57 0.000000 17
58 6.545064 34
59 0.000000 16
60 0.000000 0
61 0.000000 9
62 0.000000 19
63 0.939182 95
64 -3.783196 85
65 -4.656480 84
66 2.494018 82
67 -7.753912 233
68 -2.956336 65
69 -6.501399 50
70 0.000000 5
71 0.000000 0
72 0.000000 3
73 0.000000 8
74 0.000000 4
75 0.000000 7
76 -4.255824 327
77 -2.548889 1005
78 -7.617464 529
79 -3.761738 35
80 0.000000 15
81 0.000000 6
82 0.000000 0
83 0.000000 0
84 0.000000 0
85 0.000000 0
86 0.000000 0
87 0.000000 0
88 0.000000 1
89 0.000000 7
90 0.000000 3
91 -3.312767 52
92 0.000000 16
93 0.000000 16
94 -2.448955 45
95 -7.689572 25
96 0.000000 15
97 0.000000 3
98 -6.077894 32
99 -0.670887 106
100 -2.955845 26
101 -3.656718 45
102 -5.665650 22
103 -4.924620 47
104 -2.079239 91
105 8.700612 125
106 2.202608 65
107 0.000000 1
108 0.000000 16
109 0.000000 8
110 -5.726759 37
111 -2.254845 860
112 1.842550 4489
113 -1.548693 352
114 -3.845557 370
115 -4.206087 997
116 -3.268846 32
117 -1.679439 55
118 -1.727116 180
119 0.165890 313
120 -4.260563 305
121 -9.145471 116
122 0.000000 12
123 0.000000 15
124 0.000000 0
125 0.000000 0
126 0.000000 0
127 0.000000 0
128 0.000000 0
129 0.000000 0
130 -7.064894 36
131 0.000000 0
132 -2.464349 23
133 2.501727 42
134 0.000000 17
135 2.857930 40
136 -3.266784 61
137 0.000000 11
138 0.000000 0
139 1.687904 56
140 -1.234022 25
141 0.000000 17
142 0.000000 18
143 0.000000 14
144 0.000000 1
145 0.000000 11
146 -0.405119 21
147 -3.049364 107
148 1.929777 91
149 -3.719310 112
150 -2.699375 61
151 3.608634 344
152 -2.542062 93
153 -4.058863 45
154 6.276671 22
155 0.000000 0
156 0.000000 0
157 0.000000 0
158 0.000000 0
159 0.000000 1
160 0.000000 1
161 -1.833752 1140
162 -2.979825 673
163 -1.291829 317
164 0.000000 17
165 0.000000 17
166 0.000000 1
167 0.000000 0
168 0.000000 0

[ECalTiming]
p0 -43.152900
p1 0.986600

[TimeWalk]
p1_L1 19.736000
p1_L2 18.037000
totref_L1 12.000000
totref_L2 12.000000
totmin 5.000000
totmax 30.000000
