# CDet master calibration constants

[BarOffsets]
1 0.000000 0
2 0.000000 0
3 0.000000 0
4 0.000000 1
5 -3.634656 24
6 0.000000 4
7 8.718776 68
8 -1.681317 247
9 -0.588718 5679
10 -2.430492 1936
11 -3.230574 480
12 -1.055105 46
13 4.016021 33
14 -3.331895 61
15 -8.313910 33
16 -3.653132 45
17 -0.191695 102
18 3.642523 618
19 3.561180 1548
20 4.624799 361
21 7.394766 43
22 3.186910 152
23 -1.466099 50
24 0.559450 583
25 0.000000 0
26 -2.302286 62
27 -0.440056 359
28 2.278194 1000
29 -2.305546 189
30 13.406151 121
31 2.027543 537
32 1.772529 1150
33 -2.729922 3251
34 6.741604 267
35 3.683495 57
36 -3.962282 34
37 2.334269 28
38 -3.488675 24
39 0.000000 4
40 0.000000 0
41 0.000000 0
42 0.000000 0
43 0.000000 0
44 0.000000 0
45 0.000000 1
46 0.000000 0
47 0.000000 4
48 0.000000 6
49 0.000000 8
50 -7.800694 41
51 -9.176906 231
52 2.077966 184
53 -7.468846 119
54 0.000000 3
55 -10.819525 38
56 -2.187348 53
57 -0.281474 52
58 -2.120509 50
59 -1.907550 34
60 0.000000 19
61 -4.756765 48
62 -0.986769 58
63 3.421406 115
64 -1.914294 88
65 -2.561353 57
66 -2.096400 44
67 -7.372712 82
68 0.381647 38
69 -4.568426 51
70 22.835484 20
71 0.000000 0
72 0.000000 0
73 0.000000 0
74 0.000000 1
75 0.000000 0
76 -2.089369 24
77 -1.890673 67
78 -8.626418 23
79 -7.171099 39
80 -6.951129 29
81 0.000000 14
82 0.000000 0
83 0.000000 0
84 0.000000 0
85 0.000000 0
86 0.000000 0
87 0.000000 0
88 0.000000 3
89 -4.134248 28
90 0.000000 1
91 -1.621410 115
92 -8.127459 510
93 -8.118803 6925
94 -2.315561 1417
95 -7.415298 433
96 -7.019944 62
97 -20.118406 20
98 -7.887506 61
99 -0.486030 37
100 -2.018893 47
101 0.722845 118
102 -0.541304 753
103 2.085561 1639
104 4.065460 374
105 2.556672 138
106 8.250009 160
107 0.000000 9
108 6.910340 654
109 5.514849 38
110 -2.016088 29
111 -0.694326 209
112 4.292215 1107
113 3.720686 232
114 -0.077454 70
115 1.438743 468
116 4.823114 268
117 6.115748 3843
118 6.333618 500
119 5.867779 95
120 2.374372 42
121 12.075552 30
122 0.000000 15
123 0.000000 8
124 0.000000 3
125 0.000000 0
126 0.000000 0
127 0.000000 0
128 0.000000 0
129 0.000000 1
130 0.000000 6
131 0.000000 0
132 0.000000 6
133 0.000000 12
134 -8.229305 55
135 0.677295 268
136 -2.509546 232
137 2.288789 79
138 0.000000 0
139 2.772486 50
140 -3.053483 44
141 -18.503226 51
142 -14.315377 35
143 -21.272362 39
144 0.000000 18
145 -10.408146 61
146 -8.354838 66
147 0.250863 116
148 1.620913 92
149 -2.320079 64
150 28.952615 41
151 5.132531 120
152 3.712522 56
153 -1.741160 45
154 9.103393 26
155 0.000000 0
156 0.000000 0
157 0.000000 0
158 0.000000 0
159 0.000000 0
160 0.000000 0
161 -2.155045 51
162 -2.044892 63
163 2.284193 49
164 2.056966 27
165 2.694733 26
166 0.000000 2
167 0.000000 0
168 0.000000 0

[ECalTiming]
p0 -43.152900
p1 0.986600

[TimeWalk]
p1_L1 19.736000
p1_L2 18.037000
totref_L1 12.000000
totref_L2 12.000000
totmin 5.000000
totmax 30.000000
