# CDet master calibration constants

[BarOffsets]
1 0.000000 0
2 0.000000 0
3 0.000000 0
4 0.000000 0
5 -4.285614 39
6 0.000000 12
7 3.599251 61
8 -6.083339 34
9 -3.287714 40
10 -5.255166 79
11 -5.198659 43
12 0.000000 3
13 0.000000 7
14 -4.415566 37
15 -2.994745 25
16 -1.283962 34
17 -3.123845 62
18 -5.490936 30
19 -5.117127 54
20 -4.285664 33
21 -1.227258 53
22 -5.885316 97
23 0.000000 1
24 -3.303869 29
25 0.000000 0
26 0.000000 15
27 -7.240983 48
28 -5.087041 63
29 -7.175775 23
30 2.883830 108
31 -8.882130 190
32 0.000000 12
33 -1.593389 31
34 -6.015312 116
35 -5.276537 155
36 -8.170365 60
37 -4.051296 127
38 -7.737082 30
39 0.000000 2
40 0.000000 0
41 0.000000 0
42 0.000000 0
43 0.000000 0
44 0.000000 0
45 0.000000 0
46 0.000000 12
47 -7.857728 50
48 33.237006 26
49 -4.131400 68
50 -0.932875 22
51 -13.260700 79
52 -1.922000 77
53 -9.998978 23
54 0.000000 3
55 0.093447 39
56 -2.170065 47
57 3.256831 38
58 4.793400 48
59 0.385557 27
60 0.000000 7
61 -5.207016 21
62 -2.538590 42
63 -1.361217 199
64 -6.332768 144
65 -6.126701 124
66 2.303306 60
67 -7.573053 27
68 -5.890993 33
69 -3.903727 45
70 0.000000 1
71 0.000000 0
72 0.000000 0
73 0.000000 1
74 0.000000 3
75 0.000000 4
76 -7.696788 40
77 -5.201067 161
78 -11.377676 263
79 -10.702861 72
80 0.000000 19
81 0.000000 16
82 0.000000 0
83 0.000000 0
84 0.000000 0
85 0.000000 0
86 0.000000 0
87 0.000000 0
88 0.000000 3
89 3.715054 49
90 0.000000 14
91 -5.535239 74
92 -6.962683 27
93 -2.934882 43
94 -4.995288 88
95 -5.523393 41
96 0.000000 9
97 0.000000 4
98 -10.459473 40
99 -1.993439 26
100 -2.408431 34
101 -5.463652 66
102 -9.532223 33
103 -7.120537 49
104 -5.554944 30
105 3.972699 75
106 -0.231510 95
107 0.000000 2
108 3.717782 24
109 0.000000 10
110 0.000000 7
111 -5.580555 28
112 -3.099827 83
113 -5.148158 26
114 -5.322587 87
115 -6.128172 204
116 0.000000 8
117 -5.599511 27
118 -4.233092 80
119 -3.664992 214
120 -5.359450 89
121 -9.687676 110
122 -4.262524 21
123 0.000000 11
124 0.000000 2
125 0.000000 0
126 0.000000 0
127 0.000000 0
128 0.000000 0
129 0.000000 0
130 -11.113539 67
131 0.000000 1
132 -0.415533 43
133 0.449226 105
134 2.043816 33
135 -1.385397 97
136 -6.157966 116
137 -1.070183 20
138 0.000000 0
139 -0.338868 53
140 -5.139431 50
141 -7.315931 40
142 -8.245010 26
143 -9.420134 27
144 0.000000 1
145 -6.168642 22
146 -10.176938 46
147 -5.009385 236
148 0.024010 123
149 -4.702192 173
150 -5.404762 43
151 0.658277 83
152 -4.686748 39
153 -15.794969 36
154 0.000000 12
155 0.000000 0
156 0.000000 0
157 0.000000 0
158 0.000000 1
159 0.000000 2
160 0.000000 1
161 -4.012483 171
162 -5.768243 208
163 -3.092899 361
164 -4.221574 46
165 2.507640 40
166 0.000000 3
167 0.000000 0
168 0.000000 0

[ECalTiming]
p0 -43.152900
p1 0.986600

[TimeWalk]
p1_L1 19.736000
p1_L2 18.037000
totref_L1 12.000000
totref_L2 12.000000
totmin 5.000000
totmax 30.000000
