# CDet master calibration constants

[BarOffsets]
1 0.000000 0
2 0.000000 0
3 0.000000 0
4 0.000000 2
5 -5.441259 30
6 0.000000 7
7 1.293276 55
8 -6.182464 26
9 -3.551562 43
10 -5.116792 67
11 -5.847711 45
12 0.000000 9
13 0.000000 9
14 0.000000 18
15 -5.434486 32
16 -4.725235 34
17 -3.985404 49
18 -12.318649 37
19 -4.270379 46
20 -5.103051 45
21 -3.741675 52
22 -5.616618 78
23 0.000000 1
24 -13.380550 29
25 0.000000 0
26 0.000000 15
27 -6.433701 62
28 -5.264353 53
29 -3.333887 29
30 5.711899 101
31 -8.804621 178
32 0.000000 11
33 -10.601620 20
34 -6.395218 126
35 -6.025221 140
36 -4.929561 40
37 -4.189981 148
38 -5.993666 29
39 0.000000 5
40 0.000000 1
41 0.000000 0
42 0.000000 0
43 0.000000 0
44 0.000000 0
45 0.000000 0
46 0.000000 15
47 -7.813196 53
48 -3.935921 26
49 -4.291448 82
50 0.000000 19
51 -3.215353 97
52 -1.313519 92
53 0.000000 17
54 0.000000 10
55 -0.307050 40
56 -3.360708 61
57 1.748128 37
58 6.469954 66
59 -1.140357 41
60 0.000000 9
61 0.000000 12
62 -0.510451 51
63 -2.156290 168
64 -5.367470 126
65 -5.868008 107
66 -0.280230 45
67 -8.155944 30
68 -3.887024 36
69 -7.848083 44
70 0.000000 3
71 0.000000 0
72 0.000000 3
73 0.000000 5
74 0.000000 2
75 0.000000 6
76 -6.194395 42
77 -6.305584 188
78 -10.092679 261
79 -4.245987 85
80 3.349510 33
81 7.854056 21
82 0.000000 0
83 0.000000 0
84 0.000000 0
85 0.000000 0
86 0.000000 0
87 0.000000 0
88 0.000000 5
89 -2.491765 27
90 0.000000 6
91 -6.105476 67
92 -8.612092 22
93 -2.560777 48
94 -5.260977 85
95 -9.074249 47
96 0.000000 9
97 0.000000 9
98 -7.858111 20
99 -5.146349 37
100 -5.011585 25
101 -9.335772 59
102 -3.546043 37
103 -6.733911 48
104 -4.652302 29
105 0.542109 71
106 -1.226660 74
107 0.000000 1
108 -4.276403 26
109 0.000000 10
110 0.000000 6
111 -1.003111 34
112 -2.689839 82
113 -4.116255 31
114 -6.047079 84
115 -6.300899 189
116 0.000000 14
117 1.881008 21
118 -4.945458 82
119 -3.917183 217
120 -6.191719 55
121 -9.180424 126
122 0.000000 18
123 0.000000 15
124 0.000000 2
125 0.000000 0
126 0.000000 0
127 0.000000 0
128 0.000000 0
129 0.000000 0
130 -10.048141 68
131 0.000000 2
132 -6.036218 44
133 0.599321 124
134 0.641433 40
135 -0.558550 126
136 -6.429321 128
137 0.000000 9
138 0.000000 0
139 -0.742541 73
140 -5.619149 63
141 -9.774527 36
142 -8.553657 28
143 -2.812816 39
144 0.000000 2
145 0.000000 16
146 -10.221463 46
147 -5.901423 188
148 -0.295551 116
149 -4.773444 135
150 -4.081867 41
151 2.884980 66
152 -6.999458 42
153 -6.242176 41
154 0.000000 14
155 0.000000 0
156 0.000000 0
157 0.000000 0
158 0.000000 1
159 0.000000 3
160 0.000000 4
161 -4.685778 190
162 -5.935946 200
163 -2.694963 435
164 2.104714 45
165 3.669838 49
166 0.000000 0
167 0.000000 0
168 0.000000 0

[ECalTiming]
p0 -43.152900
p1 0.986600

[TimeWalk]
p1_L1 19.736000
p1_L2 18.037000
totref_L1 12.000000
totref_L2 12.000000
totmin 5.000000
totmax 30.000000
