# CDet master calibration constants

[BarOffsets]
1 0.000000 0
2 0.000000 0
3 0.000000 0
4 0.000000 11
5 -6.092436 194
6 -0.625019 65
7 0.417150 256
8 -7.268213 217
9 -3.695597 216
10 -4.039771 200
11 -5.167875 199
12 -4.858311 183
13 0.105177 140
14 -3.669614 492
15 -4.211519 547
16 -2.269811 489
17 -3.206123 536
18 -1.231209 526
19 0.604996 482
20 1.594431 423
21 3.545904 197
22 0.015641 370
23 -2.004284 25
24 -4.713183 638
25 0.000000 0
26 -8.480241 569
27 1.096889 1450
28 3.263482 1442
29 -2.671317 1406
30 6.060114 1829
31 -0.304940 2465
32 -1.929784 429
33 -6.531133 885
34 1.865864 605
35 4.326295 629
36 0.424739 787
37 3.874288 611
38 -0.068902 282
39 -1.355318 22
40 0.000000 0
41 0.000000 0
42 0.000000 0
43 0.000000 0
44 0.000000 0
45 0.000000 4
46 -6.051215 31
47 -9.762289 76
48 -6.707974 106
49 -5.608911 124
50 -3.290649 128
51 -11.238312 295
52 -3.064924 313
53 -10.572470 271
54 -3.139268 33
55 -1.271429 382
56 -1.155994 391
57 1.737577 482
58 0.479965 608
59 -0.415376 505
60 0.544397 152
61 -2.424007 381
62 0.071443 352
63 1.848413 719
64 -1.285576 603
65 -1.498468 586
66 -4.290503 400
67 -6.567374 658
68 1.590387 208
69 -3.671427 567
70 0.793207 91
71 0.000000 0
72 0.000000 13
73 0.000000 5
74 0.000000 7
75 0.804707 30
76 0.346487 715
77 2.062673 1739
78 -2.878546 653
79 -4.604123 622
80 -7.170627 339
81 -8.217058 68
82 0.000000 3
83 0.000000 0
84 0.000000 0
85 0.000000 0
86 0.000000 0
87 0.000000 1
88 0.000000 12
89 -3.937836 228
90 -5.762341 72
91 -7.437200 399
92 -13.185309 215
93 -10.386944 249
94 -3.297845 244
95 -9.433697 252
96 -11.964144 232
97 -9.183323 156
98 -11.718872 562
99 -0.043939 619
100 -2.182155 404
101 -4.307933 624
102 -3.846606 495
103 -0.601580 525
104 0.820833 440
105 7.456588 446
106 5.151212 382
107 0.000000 5
108 2.822740 696
109 -0.862043 92
110 -3.677949 247
111 0.172805 952
112 6.201586 2121
113 3.566743 1520
114 0.415278 1157
115 1.144975 2786
116 1.334579 366
117 2.189358 930
118 2.462988 622
119 6.214052 751
120 3.581278 904
121 -2.946998 656
122 -8.097930 379
123 -3.066499 106
124 0.000000 5
125 0.000000 0
126 0.000000 0
127 0.000000 0
128 0.000000 0
129 0.000000 4
130 -12.711167 112
131 0.000000 1
132 -8.047956 139
133 -0.118049 192
134 -2.156084 148
135 -2.948041 418
136 -6.860527 473
137 -1.607676 218
138 0.000000 0
139 -0.646785 510
140 -4.299448 422
141 -11.131794 524
142 -10.299984 357
143 -10.242930 516
144 -13.533983 120
145 -8.620197 439
146 -9.480156 403
147 -2.229371 762
148 5.105369 615
149 0.511723 643
150 0.370269 411
151 6.530494 1037
152 3.420880 306
153 -0.240859 486
154 3.635456 231
155 0.000000 2
156 0.000000 0
157 0.000000 1
158 0.000000 2
159 0.000000 12
160 0.000000 12
161 3.200247 2158
162 2.475651 1093
163 5.510750 1478
164 3.114541 430
165 6.887510 171
166 0.000000 7
167 0.000000 0
168 0.000000 0

[ECalTiming]
p0 -43.152900
p1 0.986600

[TimeWalk]
p1_L1 19.736000
p1_L2 18.037000
totref_L1 12.000000
totref_L2 12.000000
totmin 5.000000
totmax 30.000000
