# CDet master calibration constants

[BarOffsets]
1 0.000000 0
2 0.000000 0
3 0.000000 0
4 0.000000 13
5 -6.800116 298
6 -4.047576 95
7 -0.373901 364
8 -7.976825 328
9 -2.910959 348
10 -4.423954 324
11 -5.284521 295
12 -5.301016 206
13 -0.805958 220
14 -4.263936 743
15 -4.212979 779
16 -2.369691 755
17 -3.756700 733
18 -1.365818 783
19 0.109090 778
20 0.814662 672
21 3.286507 271
22 -0.372937 517
23 -3.248558 44
24 -4.586865 886
25 0.000000 0
26 -8.641769 835
27 1.040175 2005
28 2.726461 2024
29 -2.952577 1961
30 5.811899 2661
31 -0.754841 3364
32 -2.359244 595
33 -6.986723 1245
34 0.905698 923
35 3.650598 838
36 -0.053417 1056
37 3.581387 744
38 -1.271627 362
39 -4.382380 30
40 0.000000 0
41 0.000000 0
42 0.000000 0
43 0.000000 0
44 0.000000 0
45 0.000000 7
46 -5.806384 43
47 -8.676285 92
48 -6.866774 150
49 -6.167935 170
50 -4.153380 441
51 -13.393843 660
52 -3.334752 447
53 -10.767804 443
54 -3.826907 59
55 -2.096627 532
56 -1.487153 604
57 1.568646 713
58 0.672000 1175
59 -0.929832 805
60 0.626656 268
61 -2.992393 503
62 -0.116168 544
63 1.445768 935
64 -1.646681 910
65 -1.943250 933
66 -4.935818 520
67 -6.911569 982
68 0.672035 331
69 -3.600325 915
70 -0.059711 133
71 0.000000 0
72 0.639917 32
73 0.000000 12
74 0.000000 16
75 -1.025799 64
76 0.064481 931
77 1.691925 2237
78 -3.220471 872
79 -5.393924 981
80 -7.546054 502
81 -7.752632 109
82 0.000000 2
83 0.000000 0
84 0.000000 0
85 0.000000 0
86 0.000000 0
87 0.000000 1
88 0.000000 19
89 -4.758401 330
90 -5.894437 112
91 -7.450039 565
92 -11.548618 329
93 -9.872199 355
94 -3.594911 394
95 -9.661755 428
96 -12.376338 293
97 -9.432381 211
98 -10.962739 804
99 -0.529059 840
100 -2.438424 646
101 -4.797834 842
102 -4.277928 787
103 -1.553519 780
104 0.219879 665
105 13.273519 663
106 4.985349 552
107 0.000000 12
108 2.725125 946
109 -1.598277 117
110 -4.312247 360
111 0.191571 1515
112 5.629326 2858
113 3.321347 2126
114 0.061830 1718
115 0.827639 3808
116 0.976247 492
117 1.661303 1335
118 2.026549 873
119 5.380487 1023
120 3.182889 1125
121 -3.577087 837
122 -8.138652 463
123 -4.807484 128
124 0.000000 6
125 0.000000 0
126 0.000000 0
127 0.000000 0
128 0.000000 0
129 0.000000 8
130 -13.422047 163
131 0.000000 2
132 -8.523315 211
133 -0.648091 260
134 -3.153172 603
135 -4.102406 785
136 -7.050436 697
137 -1.921998 327
138 0.000000 0
139 -1.185808 794
140 -4.231593 643
141 -11.442607 812
142 -10.732352 541
143 -10.757275 811
144 -16.096090 199
145 -9.495033 556
146 -9.852807 630
147 -2.729173 1022
148 4.791111 950
149 -0.166413 1037
150 -0.188242 520
151 6.227291 1631
152 2.413688 612
153 -0.500629 753
154 3.447731 379
155 0.000000 4
156 0.000000 0
157 0.000000 4
158 0.000000 3
159 6.394159 21
160 -1.403472 26
161 2.794574 2843
162 2.257906 1509
163 5.129846 2309
164 2.864214 685
165 6.730845 332
166 0.000000 7
167 0.000000 0
168 0.000000 0

[ECalTiming]
p0 -43.152900
p1 0.986600

[TimeWalk]
p1_L1 19.736000
p1_L2 18.037000
totref_L1 12.000000
totref_L2 12.000000
totmin 5.000000
totmax 30.000000
