# CDet master calibration constants

[BarOffsets]
1 0.000000 0
2 0.000000 0
3 0.000000 2
4 0.000000 8
5 -2.305331 21
6 0.000000 14
7 -8.435954 36
8 0.000000 0
9 15.534891 60
10 -8.483344 50
11 0.468164 50
12 12.741561 30
13 0.000000 9
14 1.690987 45
15 -2.767652 48
16 -10.386206 22
17 -6.119966 35
18 -1.868398 43
19 0.055492 44
20 -2.770471 34
21 -5.712950 21
22 -1.368175 37
23 0.000000 5
24 -26.284623 22
25 0.000000 0
26 -1.041373 29
27 -3.616411 40
28 -7.066608 29
29 0.000000 11
30 -5.709309 73
31 -2.683562 98
32 0.000000 11
33 -5.394643 28
34 1.781000 25
35 -3.045384 54
36 -2.197247 32
37 -0.467628 51
38 12.235233 53
39 0.000000 12
40 0.000000 2
41 0.000000 0
42 0.000000 0
43 0.000000 0
44 0.000000 0
45 0.000000 6
46 0.000000 3
47 7.750659 29
48 1.439128 22
49 -4.588624 36
50 0.000000 3
51 -11.794177 119
52 0.000000 4
53 -22.013176 28
54 0.000000 3
55 4.019014 33
56 -13.882030 40
57 28.248264 60
58 0.727277 82
59 3.662893 78
60 0.000000 15
61 5.629876 29
62 0.000000 2
63 -1.872945 139
64 6.563151 123
65 2.330663 53
66 1.644083 91
67 -5.765954 117
68 0.000000 17
69 -9.874730 56
70 0.000000 2
71 0.000000 0
72 0.000000 0
73 0.000000 4
74 0.000000 1
75 0.000000 6
76 -5.245184 39
77 -6.429695 112
78 -7.511017 164
79 -18.209575 112
80 -4.974147 68
81 -36.618506 48
82 0.000000 4
83 0.000000 0
84 0.000000 0
85 0.000000 0
86 0.000000 0
87 0.000000 1
88 0.000000 10
89 0.000000 16
90 0.000000 14
91 2.197993 43
92 0.000000 9
93 -4.658412 68
94 -2.411036 50
95 -11.529810 64
96 -10.263169 40
97 0.000000 1
98 -9.014477 49
99 7.202137 41
100 -18.284619 26
101 -5.353508 45
102 -4.684010 34
103 -1.617723 41
104 -4.695886 35
105 -0.003193 47
106 -1.770190 44
107 0.000000 2
108 1.622940 27
109 0.000000 4
110 0.000000 17
111 -4.267660 31
112 -10.114301 49
113 0.000000 14
114 -4.870443 53
115 1.569767 103
116 0.000000 13
117 -3.797975 32
118 0.000000 12
119 0.048764 70
120 5.047440 34
121 -6.093606 47
122 -1.363836 50
123 -0.563069 24
124 0.000000 8
125 0.000000 0
126 0.000000 0
127 0.000000 0
128 0.000000 0
129 0.000000 3
130 -8.974600 41
131 0.000000 0
132 -2.366268 31
133 5.135133 56
134 0.000000 8
135 4.105856 74
136 -20.801509 51
137 0.000000 0
138 0.000000 0
139 -11.775800 47
140 -4.612008 44
141 -13.811334 60
142 -6.261335 36
143 -3.138763 72
144 0.000000 15
145 -6.534036 25
146 0.084583 22
147 -1.775986 144
148 -9.902980 57
149 -21.642225 40
150 -0.237378 70
151 -0.206357 140
152 0.809336 35
153 -0.286179 49
154 0.000000 15
155 0.000000 0
156 0.000000 0
157 0.000000 0
158 0.000000 0
159 0.000000 5
160 0.000000 4
161 1.694128 141
162 -1.639294 136
163 -0.453936 299
164 -2.269334 75
165 -1.991459 75
166 0.000000 10
167 0.000000 0
168 0.000000 0

[ECalTiming]
p0 -43.152900
p1 0.986600

[TimeWalk]
p1_L1 19.736000
p1_L2 18.037000
totref_L1 12.000000
totref_L2 12.000000
totmin 5.000000
totmax 30.000000
