# CDet master calibration constants

[BarOffsets]
1 0.000000 0
2 0.000000 0
3 0.000000 0
4 0.000000 0
5 0.000000 14
6 0.000000 6
7 2.139473 27
8 0.000000 19
9 0.239942 29
10 -2.880465 24
11 -1.804296 20
12 0.000000 3
13 0.000000 2
14 -6.928687 22
15 -3.060877 61
16 -1.771743 33
17 -3.106272 44
18 -3.800096 63
19 -3.002107 38
20 -0.815287 46
21 0.000000 11
22 -3.363971 33
23 0.000000 2
24 -7.956637 50
25 0.000000 0
26 3.017159 96
27 -2.829096 1272
28 -0.734334 1817
29 -7.597399 114
30 6.319928 154
31 -6.484454 371
32 0.000000 13
33 0.000000 16
34 -4.218367 72
35 -1.872640 89
36 -7.001938 54
37 -2.009773 70
38 0.000000 7
39 0.000000 1
40 0.000000 0
41 0.000000 0
42 0.000000 0
43 0.000000 0
44 0.000000 0
45 0.000000 0
46 0.000000 2
47 0.000000 8
48 0.000000 9
49 0.000000 16
50 4.119747 22
51 -6.579916 46
52 38.459263 37
53 0.000000 11
54 0.000000 0
55 0.354800 28
56 -4.943810 34
57 3.765720 24
58 1.738769 37
59 0.000000 11
60 0.000000 5
61 0.000000 7
62 -0.764015 25
63 0.602203 98
64 -2.770899 77
65 -4.732451 53
66 3.957348 22
67 -2.638675 24
68 -5.527037 24
69 -8.414127 146
70 -4.864461 28
71 0.000000 0
72 0.000000 5
73 0.000000 3
74 0.000000 1
75 0.000000 6
76 -6.068037 99
77 -3.056969 247
78 -4.732925 40
79 -0.926425 20
80 0.000000 9
81 0.000000 1
82 0.000000 0
83 0.000000 0
84 0.000000 0
85 0.000000 0
86 0.000000 0
87 0.000000 0
88 0.000000 1
89 0.000000 17
90 0.000000 1
91 -3.752903 38
92 0.000000 19
93 -6.239038 27
94 -2.992383 31
95 -7.199335 20
96 0.000000 3
97 0.000000 2
98 -5.758200 29
99 -0.764417 63
100 -1.778015 31
101 -6.089510 47
102 -4.108883 48
103 -4.945109 37
104 -0.929510 42
105 2.630332 30
106 1.071902 34
107 0.000000 1
108 -3.109918 46
109 -4.581162 24
110 0.936950 32
111 -3.169649 663
112 0.885600 2696
113 -1.940565 139
114 -3.772710 108
115 -4.596130 373
116 -4.223434 27
117 -6.718103 28
118 -1.817558 41
119 0.292456 96
120 -2.922518 76
121 -7.855391 63
122 0.000000 7
123 0.000000 4
124 0.000000 0
125 0.000000 0
126 0.000000 0
127 0.000000 0
128 0.000000 0
129 0.000000 0
130 0.000000 8
131 0.000000 0
132 0.000000 13
133 8.863524 24
134 4.332263 32
135 2.351858 57
136 -2.421794 44
137 0.000000 10
138 0.000000 0
139 1.364269 36
140 -3.458362 32
141 -5.924752 29
142 0.000000 14
143 0.000000 11
144 0.000000 1
145 0.000000 6
146 -7.070877 21
147 -3.497771 104
148 2.734206 77
149 -9.679155 63
150 3.211889 21
151 4.181061 49
152 -6.966942 35
153 -4.874396 104
154 -0.120998 71
155 0.000000 3
156 0.000000 0
157 0.000000 0
158 0.000000 1
159 0.000000 1
160 0.000000 2
161 -2.185475 325
162 -3.337450 97
163 4.454675 100
164 0.000000 13
165 0.000000 11
166 0.000000 0
167 0.000000 0
168 0.000000 0

[ECalTiming]
p0 -43.152900
p1 0.986600

[TimeWalk]
p1_L1 19.736000
p1_L2 18.037000
totref_L1 12.000000
totref_L2 12.000000
totmin 5.000000
totmax 30.000000
