# CDet master calibration constants

[BarOffsets]
1 0.000000 0
2 0.000000 0
3 0.000000 0
4 0.000000 2
5 -7.079458 58
6 0.000000 9
7 -1.396104 63
8 -9.513685 42
9 -2.637641 55
10 -4.840663 57
11 -4.526265 33
12 -6.009639 37
13 2.225350 26
14 -3.799394 106
15 -5.123769 140
16 -2.443130 121
17 -3.480321 99
18 -2.015223 112
19 -0.855478 99
20 0.974158 112
21 -0.076992 48
22 -0.953250 64
23 0.000000 4
24 -6.592708 246
25 0.000000 0
26 -10.242108 182
27 0.010626 712
28 2.120447 631
29 -2.796180 432
30 1.476755 473
31 -1.224559 930
32 -2.586053 93
33 -7.495599 186
34 0.088116 144
35 3.406841 140
36 -0.053239 183
37 2.551551 151
38 -1.736011 54
39 0.000000 3
40 0.000000 1
41 0.000000 0
42 0.000000 0
43 0.000000 0
44 0.000000 0
45 0.000000 0
46 0.000000 3
47 0.000000 14
48 20.901480 20
49 -6.136083 35
50 -4.323798 38
51 -10.753019 87
52 -3.319173 69
53 -11.290742 66
54 0.000000 10
55 -2.009942 91
56 -2.458763 106
57 1.277055 102
58 0.575357 190
59 -1.185645 110
60 0.000000 17
61 -3.395851 76
62 -1.031282 94
63 1.002832 212
64 -1.675303 173
65 -1.720172 134
66 -6.524174 72
67 -7.462090 162
68 2.332518 76
69 -5.119698 591
70 1.121590 84
71 0.000000 0
72 0.000000 3
73 0.000000 1
74 0.000000 0
75 0.000000 18
76 -0.513954 169
77 1.546503 482
78 -3.761438 152
79 -5.559600 165
80 -8.633986 69
81 0.000000 13
82 0.000000 0
83 0.000000 0
84 0.000000 0
85 0.000000 0
86 0.000000 0
87 0.000000 0
88 0.000000 4
89 -5.451424 52
90 0.000000 9
91 -8.191098 90
92 -11.055731 41
93 -11.221114 58
94 -4.700524 70
95 -8.330317 50
96 -12.236902 54
97 0.000000 16
98 -11.936997 115
99 -0.444223 157
100 -2.840478 102
101 -5.102282 106
102 -4.536289 105
103 -2.420066 99
104 -0.097425 111
105 -0.694864 120
106 5.253923 66
107 0.000000 1
108 1.396562 223
109 -3.135863 60
110 -5.755050 57
111 -1.053411 457
112 5.136508 997
113 3.124914 452
114 -0.989648 294
115 0.425112 998
116 1.349826 86
117 1.575921 210
118 1.365289 129
119 5.382208 163
120 2.939677 169
121 -3.607580 189
122 -9.095848 67
123 -1.720719 20
124 0.000000 5
125 0.000000 0
126 0.000000 0
127 0.000000 0
128 0.000000 0
129 0.000000 1
130 0.000000 17
131 0.000000 0
132 -11.266072 31
133 -2.190806 56
134 -3.182122 42
135 -2.544593 97
136 -6.181344 107
137 -2.541240 46
138 0.000000 0
139 -1.164579 127
140 -4.678088 112
141 -11.629652 130
142 -10.604079 89
143 -11.326104 116
144 0.000000 14
145 -9.519224 86
146 -9.868029 94
147 -3.318559 241
148 4.479105 169
149 -0.102044 158
150 0.093874 66
151 5.878321 229
152 1.826107 140
153 -2.070550 449
154 3.046509 222
155 0.000000 0
156 0.000000 0
157 0.000000 0
158 0.000000 0
159 0.000000 1
160 0.000000 2
161 2.127785 541
162 2.173912 275
163 4.582992 411
164 3.031309 109
165 2.681908 53
166 0.000000 3
167 0.000000 0
168 0.000000 0

[ECalTiming]
p0 -43.152900
p1 0.986600

[TimeWalk]
p1_L1 19.736000
p1_L2 18.037000
totref_L1 12.000000
totref_L2 12.000000
totmin 5.000000
totmax 30.000000
