# CDet master calibration constants

[BarOffsets]
1 0.000000 0
2 0.000000 0
3 0.000000 0
4 0.000000 1
5 0.000000 2
6 0.000000 1
7 0.000000 9
8 0.000000 0
9 0.000000 10
10 1.445146 24
11 0.000000 16
12 0.000000 16
13 0.000000 3
14 0.000000 7
15 0.000000 7
16 0.000000 7
17 0.000000 10
18 0.000000 12
19 0.000000 7
20 0.000000 5
21 0.000000 5
22 2.951609 23
23 0.000000 0
24 0.000000 13
25 0.000000 0
26 -6.795265 45
27 0.130436 107
28 3.050734 75
29 -4.333731 47
30 3.626698 158
31 -2.509571 222
32 0.000000 13
33 -8.445862 58
34 0.905795 66
35 1.411603 53
36 0.000000 18
37 0.000000 0
38 0.000000 0
39 0.000000 6
40 0.000000 0
41 0.000000 0
42 0.000000 0
43 0.000000 0
44 0.000000 0
45 0.000000 0
46 0.000000 0
47 0.000000 1
48 0.000000 0
49 0.000000 10
50 0.000000 2
51 -6.473003 24
52 0.000000 2
53 0.000000 3
54 0.000000 0
55 0.000000 12
56 0.000000 16
57 4.945152 31
58 4.336209 25
59 0.761457 34
60 0.000000 7
61 0.000000 9
62 0.000000 2
63 2.849616 42
64 -4.729217 40
65 2.742846 33
66 -1.142533 25
67 -7.479259 124
68 0.397833 22
69 -4.713300 53
70 0.000000 4
71 0.000000 0
72 0.000000 1
73 0.000000 2
74 0.000000 3
75 0.000000 1
76 0.048925 27
77 0.701046 89
78 -4.738173 166
79 -9.201599 106
80 -12.860258 158
81 -14.662899 28
82 0.000000 0
83 0.000000 0
84 0.000000 0
85 0.000000 0
86 0.000000 0
87 0.000000 0
88 0.000000 0
89 0.000000 2
90 0.000000 2
91 0.000000 8
92 0.000000 1
93 0.000000 11
94 6.752661 25
95 0.000000 19
96 0.000000 17
97 0.000000 1
98 0.000000 8
99 0.000000 7
100 0.000000 8
101 0.000000 9
102 0.000000 10
103 0.000000 11
104 0.000000 3
105 0.000000 9
106 5.541615 22
107 0.000000 1
108 0.000000 9
109 0.000000 5
110 0.000000 16
111 -2.040614 59
112 3.854724 148
113 1.644252 51
114 0.706063 100
115 -0.505194 233
116 0.000000 10
117 0.483147 61
118 1.896766 45
119 4.418073 87
120 0.000000 18
121 0.000000 12
122 0.000000 1
123 0.000000 2
124 0.000000 2
125 0.000000 0
126 0.000000 0
127 0.000000 0
128 0.000000 0
129 0.000000 0
130 0.000000 2
131 0.000000 0
132 0.000000 0
133 0.000000 13
134 0.000000 6
135 0.000000 19
136 0.000000 7
137 0.000000 0
138 0.000000 0
139 0.000000 19
140 0.000000 14
141 -6.705302 29
142 0.000000 16
143 -10.384595 39
144 0.000000 5
145 0.000000 6
146 0.000000 7
147 2.295782 33
148 6.452110 23
149 3.910596 41
150 2.527477 26
151 4.147026 156
152 0.594473 34
153 -0.818650 51
154 0.000000 10
155 0.000000 0
156 0.000000 0
157 0.000000 0
158 0.000000 0
159 0.000000 2
160 0.000000 1
161 1.491277 94
162 -0.730612 131
163 1.071207 289
164 -2.528143 152
165 1.038281 73
166 0.000000 4
167 0.000000 0
168 0.000000 0

[ECalTiming]
p0 -43.152900
p1 0.986600

[TimeWalk]
p1_L1 19.736000
p1_L2 18.037000
totref_L1 12.000000
totref_L2 12.000000
totmin 5.000000
totmax 30.000000
