# CDet master calibration constants

[BarOffsets]
1 0.000000 0
2 0.000000 0
3 0.000000 0
4 0.000000 4
5 2.654902 32
6 4.611544 22
7 8.011466 50
8 0.000000 0
9 1.038505 137
10 0.428271 307
11 -1.370217 250
12 -2.193677 208
13 2.872344 74
14 -0.426644 159
15 -2.029337 83
16 -0.122166 124
17 0.562351 178
18 -0.691317 152
19 0.164589 126
20 1.866548 104
21 3.149191 82
22 0.308811 217
23 0.000000 10
24 -3.649149 149
25 0.000000 0
26 -7.960413 511
27 -0.407714 1089
28 1.131439 773
29 -4.436275 628
30 4.255395 1633
31 -2.404606 2147
32 -4.471434 152
33 -8.980849 674
34 0.368110 707
35 1.130527 752
36 -3.306574 259
37 0.954661 731
38 -3.200959 638
39 -3.686210 37
40 0.000000 1
41 0.000000 0
42 0.000000 0
43 0.000000 0
44 0.000000 0
45 0.000000 1
46 0.000000 13
47 -5.102481 85
48 0.190321 33
49 2.271886 47
50 2.808566 21
51 -7.331832 272
52 2.865694 36
53 -6.293191 62
54 0.000000 10
55 4.954428 169
56 3.371458 111
57 4.095028 329
58 2.063044 422
59 0.673545 391
60 -0.045104 87
61 -0.423819 148
62 0.000000 9
63 3.811361 455
64 0.156640 533
65 -1.210734 253
66 -4.831410 330
67 -7.060230 1537
68 0.075447 232
69 -3.941121 629
70 3.166185 57
71 0.000000 0
72 0.000000 17
73 -1.658281 37
74 0.000000 17
75 -1.380604 42
76 -0.859804 311
77 0.385911 929
78 -4.959091 1886
79 -8.599511 1313
80 -12.331786 1731
81 -12.471271 406
82 0.000000 6
83 0.000000 0
84 0.000000 0
85 0.000000 0
86 0.000000 0
87 0.000000 0
88 0.000000 4
89 3.434463 34
90 0.000000 13
91 0.424362 61
92 0.000000 18
93 -6.132236 171
94 0.669466 372
95 -5.784975 310
96 -10.426115 269
97 -6.592730 26
98 -6.441147 171
99 0.795329 94
100 -0.037498 125
101 -1.744460 192
102 -3.694800 160
103 -0.774595 120
104 0.791023 98
105 6.802292 159
106 5.420277 232
107 0.000000 6
108 2.775920 133
109 1.702517 79
110 -3.019948 199
111 -0.977968 686
112 3.657872 1454
113 1.304833 660
114 0.789375 1063
115 -0.467117 2283
116 -0.573765 117
117 0.047021 712
118 1.274242 480
119 3.374749 1218
120 0.176917 364
121 -5.183897 572
122 -10.503710 731
123 -7.150045 165
124 -7.251323 26
125 0.000000 0
126 0.000000 0
127 0.000000 0
128 0.000000 0
129 0.000000 0
130 -6.100922 126
131 0.000000 1
132 -0.541315 39
133 7.563649 98
134 8.689230 39
135 3.949149 228
136 -0.342553 137
137 0.000000 0
138 0.000000 0
139 4.034343 217
140 0.071463 114
141 -8.349680 351
142 -9.636476 228
143 -10.180852 404
144 -13.584854 77
145 -8.445297 139
146 -5.980721 56
147 -0.040160 443
148 5.342735 299
149 0.583123 374
150 1.045350 243
151 4.928474 1880
152 0.891390 432
153 -0.420679 530
154 4.576764 190
155 0.000000 1
156 0.000000 0
157 0.000000 1
158 0.000000 2
159 3.458640 20
160 0.000000 13
161 1.375703 1029
162 -0.303624 1446
163 1.728571 3740
164 -2.001318 1799
165 2.569062 964
166 -3.522655 27
167 0.000000 0
168 0.000000 0

[ECalTiming]
p0 -43.152900
p1 0.986600

[TimeWalk]
p1_L1 19.736000
p1_L2 18.037000
totref_L1 12.000000
totref_L2 12.000000
totmin 5.000000
totmax 30.000000
