# CDet master calibration constants

[BarOffsets]
1 0.000000
2 0.000000
3 0.000000
4 0.000000
5 0.000000
6 0.000000
7 2.186740
8 0.000000
9 -2.099813
10 -4.070462
11 -2.758019
12 -3.704359
13 -0.515722
14 -5.695490
15 -4.518860
16 -1.950792
17 -3.866177
18 -0.057076
19 0.938301
20 0.523823
21 5.268214
22 0.981192
23 0.000000
24 -2.981042
25 0.000000
26 -5.095760
27 2.601964
28 4.425954
29 -1.224565
30 3.757462
31 0.067558
32 -0.934495
33 -5.371384
34 1.189164
35 4.059412
36 2.519641
37 5.077012
38 0.056395
39 0.000000
40 0.000000
41 0.000000
42 0.000000
43 0.000000
44 0.000000
45 0.000000
46 0.000000
47 0.000000
48 0.000000
49 0.000000
50 -3.321541
51 -11.054760
52 -2.121837
53 -9.552481
54 0.000000
55 -1.072302
56 -0.336177
57 3.997774
58 2.239646
59 2.003823
60 1.118466
61 -2.310753
62 0.728749
63 2.126750
64 -0.251343
65 -0.658073
66 1.861265
67 -5.473782
68 4.000040
69 -2.953071
70 1.277005
71 0.000000
72 0.000000
73 0.000000
74 0.000000
75 0.000000
76 0.641639
77 2.399054
78 -2.606471
79 -4.181802
80 -6.988677
81 0.000000
82 0.000000
83 0.000000
84 0.000000
85 0.000000
86 0.000000
87 0.000000
88 0.000000
89 -3.536561
90 0.000000
91 -3.914055
92 0.000000
93 0.000000
94 0.216854
95 -6.778457
96 -10.092114
97 0.000000
98 -10.572874
99 -0.037635
100 -2.608530
101 -5.379407
102 -2.479974
103 -1.423010
104 -0.260592
105 7.823966
106 5.691772
107 0.000000
108 2.972210
109 -0.234510
110 -4.748081
111 1.698767
112 6.752278
113 4.330787
114 -0.288712
115 1.109616
116 1.666958
117 2.596570
118 1.888569
119 4.954615
120 4.245759
121 -3.160177
122 -6.438092
123 0.000000
124 0.000000
125 0.000000
126 0.000000
127 0.000000
128 0.000000
129 0.000000
130 0.000000
131 0.000000
132 0.000000
133 -2.930577
134 -2.927723
135 -3.008609
136 -4.580124
137 -1.416522
138 0.000000
139 -1.008377
140 -3.492531
141 -9.362596
142 -9.306177
143 -10.625138
144 0.000000
145 -7.059254
146 -7.970462
147 -2.398775
148 6.243748
149 1.056109
150 0.648538
151 6.724462
152 3.672590
153 -0.470006
154 3.999823
155 0.000000
156 0.000000
157 0.000000
158 0.000000
159 0.000000
160 0.000000
161 1.034923
162 1.257718
163 4.448990
164 2.086623
165 7.098606
166 0.000000
167 0.000000
168 0.000000

[ECalTiming]
p0 -43.152900
p1 0.986600

[TimeWalk]
p1_L1 19.736000
p1_L2 18.037000
totref_L1 12.000000
totref_L2 12.000000
totmin 5.000000
totmax 30.000000
