# CDet master calibration constants

[BarOffsets]
1 0.000000 0
2 0.000000 0
3 0.000000 0
4 0.000000 0
5 0.000000 3
6 0.000000 0
7 0.000000 7
8 0.000000 0
9 0.000000 15
10 1.118432 35
11 -1.721271 33
12 0.000000 17
13 0.000000 7
14 0.000000 11
15 0.000000 15
16 0.000000 13
17 1.665660 28
18 0.000000 15
19 0.000000 6
20 0.000000 10
21 0.000000 9
22 0.431293 28
23 0.000000 1
24 -4.877378 28
25 0.000000 0
26 -7.857877 41
27 -0.642640 131
28 0.647220 105
29 -5.219031 71
30 4.209782 186
31 -2.566912 256
32 -2.604744 23
33 -9.123916 66
34 0.448131 86
35 1.144765 83
36 -1.708262 35
37 0.499429 71
38 -3.670475 52
39 0.000000 3
40 0.000000 0
41 0.000000 0
42 0.000000 0
43 0.000000 0
44 0.000000 0
45 0.000000 0
46 0.000000 1
47 0.000000 14
48 0.000000 4
49 0.000000 5
50 0.000000 0
51 -6.287656 34
52 0.000000 5
53 0.000000 9
54 0.000000 1
55 0.000000 17
56 0.000000 15
57 1.699704 33
58 -3.978911 51
59 3.852234 43
60 0.000000 10
61 0.000000 10
62 0.000000 2
63 1.623001 64
64 -5.525357 47
65 -1.661962 34
66 -5.965202 33
67 -7.056863 194
68 0.521636 20
69 -5.383665 63
70 0.000000 7
71 0.000000 0
72 0.000000 2
73 0.000000 2
74 0.000000 5
75 0.000000 4
76 -2.773683 22
77 0.366281 102
78 -5.175468 230
79 -9.037601 150
80 -12.193998 195
81 -13.507611 56
82 0.000000 0
83 0.000000 0
84 0.000000 0
85 0.000000 0
86 0.000000 0
87 0.000000 0
88 0.000000 0
89 0.000000 3
90 0.000000 0
91 0.000000 8
92 0.000000 2
93 0.000000 17
94 -1.247421 39
95 -6.269240 36
96 -9.755815 21
97 0.000000 4
98 0.000000 15
99 0.000000 11
100 0.000000 11
101 -1.504456 28
102 0.000000 14
103 0.000000 8
104 0.000000 10
105 0.000000 19
106 5.065033 28
107 0.000000 0
108 0.000000 13
109 -0.687786 26
110 0.000000 11
111 0.553422 73
112 2.909816 187
113 0.613971 76
114 1.388690 119
115 -0.550691 276
116 0.000000 17
117 -0.081709 74
118 1.589428 57
119 3.848827 139
120 0.438080 50
121 -6.808666 58
122 -10.243930 62
123 0.000000 16
124 0.000000 2
125 0.000000 0
126 0.000000 0
127 0.000000 0
128 0.000000 0
129 0.000000 0
130 0.000000 19
131 0.000000 0
132 0.000000 4
133 0.000000 5
134 0.000000 2
135 4.016266 29
136 0.000000 17
137 0.000000 0
138 0.000000 0
139 4.233015 22
140 0.000000 14
141 -9.450433 44
142 -8.552259 22
143 -11.714509 40
144 0.000000 9
145 0.000000 11
146 0.000000 9
147 -2.119677 55
148 3.943427 26
149 -0.982314 46
150 2.061732 23
151 4.233506 244
152 -0.595435 45
153 0.268548 56
154 6.698483 32
155 0.000000 0
156 0.000000 0
157 0.000000 0
158 0.000000 0
159 0.000000 3
160 0.000000 0
161 1.302908 89
162 -0.765396 173
163 1.361406 414
164 -2.014697 206
165 1.610883 116
166 0.000000 4
167 0.000000 0
168 0.000000 0

[ECalTiming]
p0 -43.152900
p1 0.986600

[TimeWalk]
p1_L1 19.736000
p1_L2 18.037000
totref_L1 12.000000
totref_L2 12.000000
totmin 5.000000
totmax 30.000000
