# CDet master calibration constants

[BarOffsets]
1 0.000000 0
2 0.000000 0
3 0.000000 0
4 0.000000 2
5 -2.318140 30
6 0.000000 12
7 -6.624372 57
8 -8.854174 34
9 -1.391270 65
10 -4.304650 95
11 -3.927142 64
12 0.000000 12
13 0.000000 5
14 -0.278519 32
15 -10.142833 114
16 -7.126231 1104
17 -3.833328 164
18 -3.747235 78
19 -3.188395 78
20 -1.704909 56
21 0.133149 72
22 -3.304790 129
23 0.000000 1
24 -7.315907 44
25 0.000000 0
26 0.000000 16
27 -4.234311 135
28 -2.853497 105
29 -3.386001 40
30 10.530078 154
31 -6.411778 263
32 0.000000 16
33 -7.048918 30
34 -3.696359 171
35 -3.038393 203
36 -6.177680 69
37 -1.622643 161
38 -5.276715 47
39 0.000000 2
40 0.000000 0
41 0.000000 0
42 0.000000 0
43 0.000000 0
44 0.000000 0
45 0.000000 2
46 0.000000 9
47 -5.321957 34
48 -2.865594 57
49 -1.607923 71
50 2.324661 39
51 -7.883794 116
52 0.129178 116
53 -4.915918 30
54 0.000000 3
55 1.054307 63
56 0.382722 58
57 3.158302 76
58 -4.762300 419
59 5.401085 137
60 0.000000 6
61 -0.619156 21
62 0.319315 52
63 -0.125106 248
64 -4.706975 258
65 -4.999540 181
66 -2.619050 83
67 -6.047896 62
68 -4.783965 56
69 -9.113095 73
70 0.000000 9
71 0.000000 0
72 0.000000 1
73 0.000000 2
74 0.000000 2
75 0.000000 7
76 -4.662980 80
77 -3.568244 293
78 -7.604379 386
79 -9.198240 121
80 -5.939665 31
81 0.000000 16
82 0.000000 0
83 0.000000 0
84 0.000000 0
85 0.000000 0
86 0.000000 0
87 0.000000 0
88 0.000000 2
89 -1.891838 32
90 0.000000 17
91 -4.899317 71
92 -9.691176 29
93 -4.239926 77
94 -3.055288 117
95 -8.843048 74
96 0.000000 13
97 0.000000 1
98 -7.792675 39
99 -4.524203 149
100 -7.049804 1298
101 -6.810555 152
102 -2.446703 73
103 -4.457157 85
104 -2.870475 53
105 8.088000 110
106 1.657296 136
107 0.000000 1
108 0.320338 36
109 0.000000 12
110 0.000000 9
111 -4.639341 53
112 -0.751937 201
113 -2.974681 51
114 -3.626036 124
115 -4.617016 276
116 0.000000 11
117 1.483323 47
118 -1.905289 93
119 -0.740777 284
120 -3.363176 122
121 -7.587094 135
122 -4.768084 36
123 -5.651656 20
124 0.000000 3
125 0.000000 0
126 0.000000 0
127 0.000000 0
128 0.000000 0
129 0.000000 1
130 -8.820559 45
131 0.000000 0
132 -3.690189 63
133 2.318921 110
134 4.201131 66
135 0.642819 155
136 -4.308611 139
137 0.000000 16
138 0.000000 0
139 0.458847 89
140 -4.192318 60
141 -2.873568 101
142 -1.234466 79
143 0.472850 80
144 0.000000 4
145 -8.046860 22
146 -9.360873 51
147 -4.209200 286
148 1.767838 246
149 -3.226936 257
150 -3.152326 69
151 2.741377 115
152 -3.201028 68
153 -4.269929 63
154 -1.898380 22
155 0.000000 0
156 0.000000 0
157 0.000000 0
158 0.000000 0
159 0.000000 3
160 0.000000 2
161 -2.630289 297
162 -3.513024 330
163 -0.753533 526
164 -1.405451 55
165 1.508558 50
166 0.000000 4
167 0.000000 0
168 0.000000 0

[ECalTiming]
p0 -43.152900
p1 0.986600

[TimeWalk]
p1_L1 19.736000
p1_L2 18.037000
totref_L1 12.000000
totref_L2 12.000000
totmin 5.000000
totmax 30.000000
