# CDet master calibration constants

[BarOffsets]
1 0.000000 0
2 0.000000 0
3 0.000000 0
4 0.000000 0
5 0.000000 10
6 0.000000 3
7 0.000000 10
8 0.000000 0
9 -0.865771 31
10 1.167357 58
11 -0.504169 38
12 -0.992058 42
13 0.000000 15
14 -0.271650 27
15 0.000000 18
16 2.475735 23
17 -0.466911 35
18 0.000000 14
19 0.669400 28
20 2.482755 23
21 0.000000 12
22 -0.557776 40
23 0.000000 0
24 -5.925186 29
25 0.000000 0
26 -8.449156 92
27 -0.431927 231
28 1.329978 143
29 -4.525909 84
30 3.336972 298
31 -2.338391 395
32 -0.508557 28
33 -8.357020 121
34 0.628606 133
35 0.742047 119
36 -3.969804 50
37 0.880034 140
38 -3.579005 105
39 0.000000 9
40 0.000000 1
41 0.000000 0
42 0.000000 0
43 0.000000 0
44 0.000000 0
45 0.000000 0
46 0.000000 4
47 0.000000 14
48 0.000000 12
49 0.000000 15
50 0.000000 3
51 -6.304528 58
52 0.000000 6
53 0.000000 8
54 0.000000 2
55 8.311460 27
56 1.458345 29
57 2.988738 79
58 0.430455 66
59 -2.102427 67
60 0.000000 12
61 -0.140611 26
62 0.000000 4
63 4.094034 80
64 0.097268 105
65 1.010517 40
66 -1.655183 53
67 -6.482064 261
68 -0.524024 30
69 -3.473115 121
70 0.000000 16
71 0.000000 0
72 0.000000 0
73 0.000000 5
74 0.000000 2
75 0.000000 7
76 -0.697002 62
77 0.317749 172
78 -5.375875 312
79 -9.388798 217
80 -12.745505 303
81 -12.379448 64
82 0.000000 2
83 0.000000 0
84 0.000000 0
85 0.000000 0
86 0.000000 0
87 0.000000 0
88 0.000000 0
89 0.000000 7
90 0.000000 2
91 0.000000 16
92 0.000000 2
93 -6.527002 38
94 1.949212 70
95 -1.861584 69
96 -18.868526 48
97 0.000000 2
98 -7.590851 26
99 3.339313 24
100 0.884098 26
101 0.918853 39
102 0.000000 14
103 -2.096346 25
104 -1.044431 22
105 7.577546 29
106 4.777805 44
107 0.000000 0
108 9.525076 21
109 0.000000 13
110 -2.509107 37
111 -0.997595 130
112 3.977799 280
113 0.973000 93
114 0.448857 197
115 -0.236945 422
116 -3.767494 26
117 -0.731607 132
118 1.277457 101
119 3.459857 207
120 -1.228195 64
121 -5.497405 106
122 -11.130225 113
123 -4.481628 31
124 0.000000 3
125 0.000000 0
126 0.000000 0
127 0.000000 0
128 0.000000 0
129 0.000000 0
130 -7.039876 24
131 0.000000 0
132 0.000000 13
133 17.417579 20
134 0.000000 7
135 4.756258 48
136 0.000000 15
137 0.000000 0
138 0.000000 0
139 2.838845 39
140 0.653704 29
141 -8.425095 71
142 -9.716765 38
143 -11.063676 72
144 0.000000 12
145 0.000000 18
146 0.000000 13
147 0.256194 72
148 6.187247 58
149 1.702219 65
150 3.324363 41
151 5.124365 328
152 0.590004 58
153 -0.275946 106
154 5.400536 34
155 0.000000 0
156 0.000000 0
157 0.000000 0
158 0.000000 0
159 0.000000 1
160 0.000000 1
161 1.521767 192
162 -1.116690 246
163 1.277882 623
164 -2.228478 309
165 2.465700 163
166 0.000000 5
167 0.000000 0
168 0.000000 0

[ECalTiming]
p0 -43.152900
p1 0.986600

[TimeWalk]
p1_L1 19.736000
p1_L2 18.037000
totref_L1 12.000000
totref_L2 12.000000
totmin 5.000000
totmax 30.000000
