# CDet master calibration constants

[BarOffsets]
1 0.000000 0
2 0.000000 0
3 0.000000 0
4 0.000000 2
5 -7.644222 112
6 0.314312 52
7 0.567077 181
8 -8.912992 141
9 -3.571118 169
10 -4.677039 134
11 -4.660505 126
12 -6.399018 115
13 -1.317217 121
14 -3.531068 341
15 -4.365190 390
16 -2.390347 385
17 -4.246560 363
18 -1.306999 375
19 -0.072202 388
20 0.434166 296
21 3.355712 128
22 -0.521132 226
23 0.000000 17
24 -4.956656 410
25 0.000000 0
26 -9.484197 392
27 0.907327 1013
28 2.693374 994
29 -3.158297 882
30 5.675109 1252
31 -0.953517 1489
32 -2.856848 313
33 -7.291579 535
34 0.512208 400
35 3.906200 403
36 -0.283558 431
37 3.603133 377
38 -1.527628 161
39 0.000000 17
40 0.000000 0
41 0.000000 0
42 0.000000 0
43 0.000000 0
44 0.000000 0
45 0.000000 3
46 -9.442782 22
47 -10.708892 35
48 -6.917745 66
49 -5.716806 69
50 -4.265355 202
51 -12.609310 320
52 -3.584321 178
53 -10.929980 219
54 -5.329238 36
55 -1.839677 267
56 -1.713890 278
57 1.224216 324
58 0.616746 583
59 -1.341699 355
60 -0.329069 133
61 -2.678172 234
62 -0.398495 286
63 1.791016 468
64 -2.087270 412
65 -1.930173 445
66 -5.165663 269
67 -7.037474 510
68 0.751033 145
69 -3.481097 435
70 0.280347 62
71 0.000000 0
72 0.000000 15
73 0.000000 6
74 0.000000 7
75 -2.568160 27
76 0.194493 452
77 1.664279 1092
78 -3.720574 393
79 -5.541379 462
80 -7.902259 217
81 -8.087591 49
82 0.000000 4
83 0.000000 0
84 0.000000 0
85 0.000000 0
86 0.000000 0
87 0.000000 0
88 0.000000 9
89 -5.317508 130
90 -5.331631 51
91 -8.302422 267
92 -12.970341 146
93 -10.527197 173
94 -3.314836 161
95 -9.343773 170
96 -11.776040 157
97 -9.911248 119
98 -13.352573 378
99 -0.508309 432
100 -2.646143 334
101 -5.403427 440
102 -4.324168 353
103 -1.551427 398
104 0.144247 300
105 11.300242 302
106 4.774833 222
107 0.000000 3
108 2.365146 435
109 -0.677501 53
110 -4.408871 145
111 0.012400 787
112 5.571790 1399
113 2.940616 982
114 -0.161429 796
115 0.527132 1711
116 1.094221 243
117 1.587151 579
118 1.691272 377
119 4.870364 492
120 2.907539 497
121 -3.870127 377
122 -8.749886 226
123 -5.518104 49
124 0.000000 3
125 0.000000 0
126 0.000000 0
127 0.000000 0
128 0.000000 0
129 0.000000 8
130 -14.757271 61
131 0.000000 0
132 -8.756920 87
133 -1.387332 122
134 -3.754375 274
135 -3.683083 366
136 -7.390599 291
137 -1.839318 175
138 0.000000 0
139 -1.487696 368
140 -4.118453 309
141 -12.481725 353
142 -10.720529 287
143 -10.753206 362
144 -13.958663 91
145 -8.931164 282
146 -10.426112 293
147 -2.442660 489
148 4.654633 428
149 -0.547510 478
150 0.404566 274
151 6.044804 815
152 2.415930 257
153 -0.192708 354
154 3.409967 179
155 0.000000 4
156 0.000000 0
157 0.000000 3
158 0.000000 1
159 0.000000 12
160 0.000000 14
161 2.599875 1352
162 1.999098 709
163 5.037562 1110
164 2.393585 301
165 6.351042 163
166 0.000000 5
167 0.000000 0
168 0.000000 0

[ECalTiming]
p0 -43.152900
p1 0.986600

[TimeWalk]
p1_L1 19.736000
p1_L2 18.037000
totref_L1 12.000000
totref_L2 12.000000
totmin 5.000000
totmax 30.000000
