# CDet master calibration constants

[BarOffsets]
1 0.000000 0
2 0.000000 0
3 0.000000 0
4 0.000000 8
5 -6.285882 116
6 -8.239475 53
7 -1.085198 168
8 -8.269800 135
9 -3.919162 162
10 -4.364592 144
11 -4.341809 139
12 -5.287073 121
13 -0.649359 115
14 -3.995269 360
15 -4.190470 374
16 -2.260811 377
17 -3.195814 361
18 -1.223352 392
19 0.723726 394
20 1.034628 297
21 3.454632 148
22 0.419494 227
23 0.000000 15
24 -4.329053 454
25 0.000000 0
26 -8.484224 361
27 1.230684 928
28 3.227731 982
29 -2.806973 930
30 6.116124 1272
31 -0.286343 1605
32 -2.057037 313
33 -6.772263 510
34 1.795182 423
35 4.146994 438
36 0.345321 538
37 4.252030 451
38 -0.985457 188
39 0.000000 19
40 0.000000 0
41 0.000000 0
42 0.000000 0
43 0.000000 0
44 0.000000 0
45 0.000000 2
46 0.000000 19
47 -10.255821 47
48 -7.113785 78
49 -6.045167 97
50 -3.436049 157
51 -11.462949 277
52 -2.855637 229
53 -11.444069 209
54 0.000000 17
55 -1.458898 253
56 -1.162187 227
57 1.816244 358
58 0.587900 468
59 -1.212869 335
60 -0.365941 106
61 -2.424514 215
62 -0.439199 216
63 1.860556 447
64 -1.428190 462
65 -2.175411 419
66 -5.249025 235
67 -6.044169 426
68 1.673425 138
69 -3.487458 421
70 1.521331 51
71 0.000000 0
72 0.000000 14
73 0.000000 5
74 0.000000 6
75 0.000000 16
76 0.153850 476
77 2.051517 1098
78 -3.280554 462
79 -5.243867 461
80 -7.391198 265
81 -8.571290 49
82 0.000000 0
83 0.000000 0
84 0.000000 0
85 0.000000 0
86 0.000000 0
87 0.000000 1
88 0.000000 8
89 -4.297070 136
90 -4.255921 40
91 -7.628826 232
92 -12.371975 140
93 -11.038026 181
94 -3.717306 174
95 -9.466473 207
96 -11.700747 180
97 -9.157466 90
98 -12.095186 407
99 -0.339414 411
100 -2.199474 336
101 -4.298563 416
102 -3.805978 393
103 -0.991901 405
104 0.399018 300
105 11.073465 325
106 5.542447 240
107 0.000000 1
108 3.050500 500
109 1.525141 61
110 -4.284852 151
111 0.117766 657
112 6.156038 1407
113 3.643759 1014
114 0.160400 770
115 1.048775 1880
116 1.078614 275
117 2.171257 547
118 2.461707 418
119 5.864400 464
120 3.685656 584
121 -2.622600 486
122 -7.562362 246
123 -3.284339 82
124 0.000000 1
125 0.000000 0
126 0.000000 0
127 0.000000 0
128 0.000000 0
129 0.000000 2
130 -13.292401 73
131 0.000000 0
132 -8.724631 108
133 -1.214230 154
134 -2.381451 174
135 -2.641710 347
136 -7.058331 335
137 -1.875940 175
138 0.000000 0
139 -1.083722 382
140 -4.360373 265
141 -11.404037 371
142 -10.423106 240
143 -10.546478 349
144 -13.615869 93
145 -8.488924 240
146 -10.396858 240
147 -2.594310 475
148 5.218093 480
149 0.501491 454
150 0.087689 226
151 6.874276 625
152 3.212330 226
153 -0.134947 369
154 3.828756 147
155 0.000000 1
156 0.000000 0
157 0.000000 0
158 0.000000 0
159 0.000000 5
160 0.000000 6
161 3.117711 1363
162 2.350816 706
163 5.132637 1051
164 3.104740 391
165 7.843707 130
166 0.000000 5
167 0.000000 0
168 0.000000 0

[ECalTiming]
p0 -43.152900
p1 0.986600

[TimeWalk]
p1_L1 19.736000
p1_L2 18.037000
totref_L1 12.000000
totref_L2 12.000000
totmin 5.000000
totmax 30.000000
