# CDet master calibration constants

[BarOffsets]
1 0.000000 0
2 0.000000 0
3 0.000000 0
4 0.000000 17
5 1.351464 239
6 3.767227 146
7 7.804711 419
8 0.000000 0
9 1.564699 839
10 0.498672 1864
11 -1.325411 1675
12 -2.250786 988
13 2.747025 443
14 -1.256820 1147
15 -1.442739 867
16 0.536779 1168
17 0.589044 1817
18 -0.019582 1186
19 0.790324 894
20 1.743925 624
21 3.039522 776
22 -0.021834 2504
23 -4.294445 103
24 -4.340190 1078
25 0.000000 0
26 -7.444035 4095
27 -0.263682 7882
28 0.981949 6693
29 -4.103585 5540
30 5.931289 8620
31 -2.388374 12438
32 -4.287849 1119
33 -8.988027 3822
34 0.816583 4735
35 0.978481 3998
36 -3.876940 2015
37 1.226289 4275
38 -3.251050 3215
39 -4.599550 235
40 0.000000 8
41 0.000000 0
42 0.000000 0
43 0.000000 0
44 0.000000 0
45 0.000000 4
46 5.169767 94
47 -4.393003 427
48 1.043339 265
49 2.105177 341
50 6.345373 132
51 -7.078804 2603
52 3.363337 232
53 -5.715826 451
54 4.385851 86
55 4.472679 984
56 3.196878 917
57 4.168448 2125
58 2.020081 2290
59 -0.067253 2327
60 1.220344 705
61 -0.709583 964
62 -1.740809 100
63 3.065762 3150
64 -0.414659 3125
65 -1.227062 975
66 -3.942493 1630
67 -7.271626 8782
68 -0.460484 1578
69 -3.905350 4274
70 1.339161 714
71 0.000000 0
72 -4.646123 66
73 9.856676 134
74 -2.649045 71
75 -1.093810 181
76 -0.959243 1513
77 0.308426 5926
78 -4.755726 10361
79 -9.113586 7883
80 -12.693692 9922
81 -11.948209 1710
82 0.000000 11
83 0.000000 0
84 0.000000 0
85 0.000000 0
86 0.000000 0
87 0.000000 2
88 0.000000 15
89 2.399124 244
90 0.721827 101
91 -0.248780 514
92 -6.566254 107
93 -5.569381 968
94 0.855955 2391
95 -6.264066 1948
96 -9.919362 1388
97 -7.109544 201
98 -7.593278 1229
99 2.098161 954
100 0.547137 1224
101 -1.752689 1847
102 -2.657354 1214
103 -0.528821 937
104 1.379004 572
105 7.111455 1262
106 5.082767 2731
107 0.000000 17
108 2.183057 902
109 -0.062057 531
110 -3.206947 1923
111 -0.868556 4316
112 3.556895 12422
113 1.168671 5651
114 0.573086 5831
115 -0.686737 12771
116 0.377033 969
117 0.178723 4026
118 1.059176 3723
119 3.767721 6582
120 -0.130020 2813
121 -5.280999 3084
122 -10.756023 3841
123 -6.563615 910
124 -7.681621 91
125 0.000000 0
126 0.000000 0
127 0.000000 0
128 0.000000 0
129 0.000000 3
130 -6.244929 692
131 0.000000 3
132 -0.147987 323
133 7.314673 529
134 7.575909 265
135 4.370989 1949
136 -0.444433 922
137 0.000000 0
138 0.000000 0
139 3.960263 1346
140 -0.202802 926
141 -8.110473 2247
142 -9.299285 1264
143 -10.475267 2363
144 -12.752286 605
145 -8.420528 915
146 -7.344397 442
147 -0.051182 2867
148 5.722923 1774
149 0.665869 1881
150 0.717617 1398
151 4.699364 10382
152 0.905822 2404
153 -0.587500 3788
154 4.343498 1649
155 0.000000 1
156 0.000000 0
157 0.000000 0
158 0.000000 7
159 2.439248 61
160 5.175401 39
161 1.579510 5951
162 -0.394725 7706
163 1.288869 21033
164 -2.068522 10939
165 2.874463 4338
166 -3.891049 119
167 0.000000 0
168 0.000000 0

[ECalTiming]
p0 -43.152900
p1 0.986600

[TimeWalk]
p1_L1 19.736000
p1_L2 18.037000
totref_L1 12.000000
totref_L2 12.000000
totmin 5.000000
totmax 30.000000
