# CDet master calibration constants

[BarOffsets]
1 0.000000 0
2 0.000000 0
3 0.000000 0
4 0.000000 3
5 -6.596823 57
6 0.000000 14
7 -0.420669 105
8 -8.532131 78
9 -3.376754 106
10 -4.638111 80
11 -5.167989 79
12 -4.875607 46
13 -2.674399 33
14 -5.174627 184
15 -5.013087 244
16 -3.476488 154
17 -3.969989 150
18 -1.667208 202
19 -0.507482 145
20 -0.611547 198
21 1.725835 65
22 -1.810261 112
23 0.000000 10
24 -6.378573 371
25 0.000000 0
26 -9.239309 368
27 0.136059 1094
28 2.166687 1035
29 -2.811346 741
30 3.585943 850
31 -0.999794 1565
32 -2.581428 184
33 -7.683286 356
34 -0.141172 219
35 3.343876 245
36 -0.184433 320
37 3.690428 299
38 -0.798911 74
39 0.000000 4
40 0.000000 0
41 0.000000 0
42 0.000000 0
43 0.000000 0
44 0.000000 0
45 0.000000 0
46 0.000000 9
47 -11.069795 33
48 -15.515175 41
49 -6.028180 56
50 -4.445031 88
51 -11.570762 112
52 -3.804495 133
53 -11.926813 120
54 0.000000 12
55 -1.742279 138
56 -1.684983 160
57 0.601444 162
58 -0.086891 287
59 -1.818630 198
60 1.862427 47
61 -3.209188 115
62 -0.224221 141
63 1.708981 323
64 -1.981777 275
65 -1.474582 240
66 -5.480288 114
67 -7.071626 203
68 0.407591 109
69 -4.631083 840
70 -0.030417 153
71 0.000000 0
72 0.000000 10
73 0.000000 4
74 0.000000 4
75 0.000000 11
76 0.247885 311
77 1.524138 750
78 -3.792283 236
79 -5.899134 288
80 -7.979969 125
81 0.000000 15
82 0.000000 0
83 0.000000 0
84 0.000000 0
85 0.000000 0
86 0.000000 0
87 0.000000 1
88 0.000000 5
89 -4.477632 59
90 -5.824248 22
91 -8.475724 145
92 -12.849693 69
93 -15.269150 118
94 -3.316668 89
95 -9.796506 98
96 -13.182195 58
97 -10.142593 33
98 -13.095971 204
99 -0.713627 260
100 -3.490403 120
101 -5.392600 182
102 -4.323091 198
103 -2.039964 143
104 -0.622540 198
105 4.282036 153
106 3.454217 120
107 0.000000 4
108 1.018659 346
109 -2.620704 75
110 -4.740335 97
111 -0.894739 759
112 4.977389 1586
113 2.852345 781
114 -0.597465 540
115 0.366667 1692
116 0.874539 159
117 0.961840 423
118 1.293183 205
119 4.995052 287
120 2.779386 313
121 -3.463728 344
122 -8.400158 119
123 0.000000 17
124 0.000000 1
125 0.000000 0
126 0.000000 0
127 0.000000 0
128 0.000000 0
129 0.000000 0
130 -13.430225 46
131 0.000000 0
132 -9.280484 65
133 -1.497517 80
134 -3.216959 97
135 -3.324881 161
136 -7.249926 204
137 -2.927900 89
138 0.000000 0
139 -1.400777 218
140 -4.644874 147
141 -11.319179 179
142 -10.827219 138
143 -11.996662 222
144 -12.891786 29
145 -9.244496 142
146 -9.747304 160
147 -2.977511 360
148 4.466322 285
149 0.394601 261
150 0.134171 119
151 5.503915 309
152 1.924205 178
153 -1.786854 633
154 3.060888 382
155 0.000000 0
156 0.000000 0
157 0.000000 1
158 0.000000 3
159 0.000000 5
160 0.000000 4
161 2.137721 935
162 1.620069 414
163 5.071125 689
164 2.486637 178
165 4.789168 52
166 0.000000 1
167 0.000000 0
168 0.000000 0

[ECalTiming]
p0 -43.152900
p1 0.986600

[TimeWalk]
p1_L1 19.736000
p1_L2 18.037000
totref_L1 12.000000
totref_L2 12.000000
totmin 5.000000
totmax 30.000000
