# CDet master calibration constants

[BarOffsets]
1 0.000000 0
2 0.000000 0
3 0.000000 0
4 0.000000 5
5 -0.718122 179
6 4.273688 68
7 3.860417 343
8 -3.936492 159
9 -0.009184 297
10 -2.009336 231
11 -2.749705 151
12 -1.957103 33
13 1.616047 42
14 -2.109359 245
15 -3.344805 569
16 -1.868203 445
17 -2.775917 352
18 -1.995867 394
19 -1.243377 471
20 -0.862151 531
21 0.273137 176
22 -2.621176 347
23 0.000000 15
24 -6.232027 457
25 0.000000 0
26 -12.329603 291
27 -3.752079 3613
28 -2.023526 3473
29 -7.276947 821
30 7.001779 1702
31 -5.882231 4079
32 -9.764336 141
33 -9.070841 210
34 -2.408109 759
35 -1.842616 916
36 -6.565389 620
37 -1.822289 534
38 0.046178 94
39 0.000000 4
40 0.000000 0
41 0.000000 0
42 0.000000 0
43 0.000000 0
44 0.000000 0
45 0.000000 2
46 2.697303 26
47 -2.717094 87
48 -2.171410 94
49 -0.774130 141
50 4.636532 207
51 -6.998690 426
52 1.436091 356
53 -7.076826 154
54 1.057253 32
55 1.650714 272
56 -1.341356 391
57 3.429108 213
58 3.517652 224
59 -0.061857 113
60 0.000000 18
61 -1.440121 88
62 1.265430 194
63 1.140571 933
64 -2.717642 745
65 -4.040108 588
66 1.240678 269
67 -7.661418 256
68 -4.523075 225
69 -14.064359 1581
70 -2.340355 267
71 0.000000 0
72 0.000000 19
73 28.960944 21
74 0.000000 6
75 4.381090 48
76 -4.229447 975
77 -2.373927 2840
78 -7.175226 1345
79 -8.117327 217
80 4.910825 41
81 0.000000 17
82 0.000000 0
83 0.000000 0
84 0.000000 0
85 0.000000 0
86 0.000000 0
87 0.000000 0
88 0.000000 5
89 0.572403 221
90 -3.075245 66
91 -3.143035 444
92 -4.206886 126
93 -7.071029 330
94 -1.628643 270
95 -6.659576 180
96 -4.096713 44
97 -2.382601 42
98 -5.083490 242
99 0.209594 665
100 -2.453029 362
101 -4.159774 385
102 -4.250891 399
103 -3.264211 458
104 -1.679383 514
105 7.504940 432
106 2.520338 370
107 0.000000 1
108 -1.692358 418
109 -4.069767 171
110 -2.353277 100
111 -4.297746 1606
112 0.025580 6006
113 -1.725048 939
114 -3.565204 1313
115 -3.782877 4194
116 -3.273279 211
117 -1.896214 272
118 -1.034478 550
119 1.190962 954
120 -2.877845 943
121 -8.100956 469
122 -2.258791 70
123 -7.046604 31
124 0.000000 3
125 0.000000 0
126 0.000000 0
127 0.000000 0
128 0.000000 0
129 0.000000 3
130 -7.081666 116
131 0.000000 0
132 -3.067396 126
133 4.370911 191
134 5.282972 281
135 2.160365 514
136 -2.496982 495
137 1.809787 113
138 0.000000 0
139 1.369277 393
140 -4.069282 421
141 -9.625668 196
142 -9.847657 98
143 -3.189458 105
144 0.000000 6
145 -8.515186 90
146 -9.870907 201
147 -2.684738 1048
148 3.659681 750
149 -2.620439 698
150 -2.039359 257
151 4.280300 466
152 -3.064897 303
153 -4.036553 1179
154 0.778886 807
155 0.000000 2
156 0.000000 0
157 0.000000 1
158 0.000000 0
159 0.000000 3
160 0.000000 14
161 -1.357471 3273
162 -2.505079 1847
163 -0.554328 1320
164 -1.188836 117
165 -3.648143 37
166 0.000000 3
167 0.000000 0
168 0.000000 0

[ECalTiming]
p0 -43.152900
p1 0.986600

[TimeWalk]
p1_L1 19.736000
p1_L2 18.037000
totref_L1 12.000000
totref_L2 12.000000
totmin 5.000000
totmax 30.000000
