# CDet master calibration constants

[BarOffsets]
1 0.000000 0
2 0.000000 0
3 0.000000 0
4 0.000000 1
5 -5.853646 56
6 1.405671 30
7 0.096753 90
8 -8.360423 60
9 -2.714861 81
10 -3.571558 76
11 -4.943701 81
12 -4.448810 55
13 -0.620232 79
14 -3.855827 191
15 -4.979897 126
16 -2.432880 145
17 -3.393258 196
18 -0.329908 192
19 0.019833 168
20 0.856894 140
21 4.072351 106
22 0.091167 106
23 0.000000 7
24 -3.822961 80
25 0.000000 0
26 -8.924639 242
27 1.573406 523
28 2.950040 442
29 -2.907516 358
30 5.485664 539
31 -0.155887 858
32 -1.320380 150
33 -6.480177 298
34 0.154741 167
35 4.019297 180
36 -0.015872 206
37 3.979667 182
38 0.219682 89
39 0.000000 6
40 0.000000 0
41 0.000000 0
42 0.000000 0
43 0.000000 0
44 0.000000 0
45 0.000000 0
46 0.000000 7
47 -9.627974 28
48 -6.509512 34
49 -4.120175 33
50 -3.962327 270
51 -12.651751 338
52 -2.638171 146
53 -10.535815 94
54 0.000000 12
55 -1.678798 151
56 -1.320313 188
57 1.799219 211
58 0.350046 339
59 -0.618664 170
60 1.963153 62
61 -2.011982 149
62 -0.065762 169
63 2.189961 294
64 -1.414200 283
65 -1.493313 232
66 -6.821242 150
67 -7.084765 276
68 2.075854 100
69 -3.531164 230
70 0.622305 38
71 0.000000 0
72 0.000000 8
73 0.000000 1
74 0.000000 2
75 0.000000 4
76 0.344000 144
77 1.453217 347
78 -3.394124 106
79 -5.072794 224
80 -7.707147 106
81 -4.474914 21
82 0.000000 0
83 0.000000 0
84 0.000000 0
85 0.000000 0
86 0.000000 0
87 0.000000 0
88 0.000000 2
89 -3.976085 77
90 -6.975392 41
91 -6.664927 129
92 -11.352749 68
93 -9.608524 119
94 -2.564612 69
95 -9.502794 109
96 -11.326914 72
97 -8.350870 84
98 -10.397629 220
99 0.033837 134
100 -1.520462 149
101 -5.114715 211
102 -3.620568 186
103 -1.606007 178
104 0.377919 155
105 10.232170 203
106 5.860797 114
107 0.000000 2
108 3.046567 76
109 0.720673 20
110 -3.579883 96
111 0.799571 482
112 5.871823 583
113 3.565332 408
114 0.402836 314
115 0.527090 927
116 2.304519 68
117 1.871706 352
118 1.841660 146
119 5.249695 205
120 2.921348 244
121 -2.852796 158
122 -7.605630 130
123 -3.491275 24
124 0.000000 3
125 0.000000 0
126 0.000000 0
127 0.000000 0
128 0.000000 0
129 0.000000 0
130 -13.213832 39
131 0.000000 0
132 -7.896403 49
133 -1.592826 61
134 -3.091957 330
135 -3.948423 395
136 -6.528449 193
137 -1.627952 71
138 0.000000 0
139 -1.392410 176
140 -4.324441 195
141 -11.196787 222
142 -11.027109 153
143 -10.808233 171
144 -11.709466 35
145 -8.484661 176
146 -8.938594 183
147 -2.035869 318
148 5.301670 304
149 0.000170 226
150 0.356141 139
151 6.587206 430
152 3.394969 150
153 -0.470935 184
154 4.231047 89
155 0.000000 0
156 0.000000 0
157 0.000000 0
158 0.000000 0
159 0.000000 0
160 0.000000 0
161 1.295349 306
162 1.638630 233
163 4.538266 344
164 3.127888 114
165 6.320842 46
166 0.000000 2
167 0.000000 0
168 0.000000 0

[ECalTiming]
p0 -43.152900
p1 0.986600

[TimeWalk]
p1_L1 19.736000
p1_L2 18.037000
totref_L1 12.000000
totref_L2 12.000000
totmin 5.000000
totmax 30.000000
