# CDet master calibration constants

[BarOffsets]
1 0.000000 0
2 0.000000 0
3 0.000000 0
4 0.000000 0
5 0.000000 12
6 0.000000 6
7 0.000000 18
8 0.000000 7
9 0.000000 8
10 -4.809076 41
11 0.000000 19
12 0.000000 4
13 0.000000 1
14 0.000000 11
15 0.000000 13
16 0.000000 13
17 -2.551641 23
18 -3.742745 29
19 0.000000 16
20 -3.673299 24
21 0.000000 17
22 -25.047619 45
23 0.000000 0
24 0.000000 15
25 0.000000 0
26 0.000000 6
27 -6.153838 29
28 -4.032131 39
29 0.000000 12
30 6.219645 53
31 -8.660341 76
32 0.000000 5
33 0.000000 8
34 -5.824940 53
35 -4.338628 57
36 0.000000 16
37 -1.911883 42
38 0.000000 11
39 0.000000 1
40 0.000000 0
41 0.000000 0
42 0.000000 0
43 0.000000 0
44 0.000000 0
45 0.000000 0
46 0.000000 1
47 0.000000 9
48 0.000000 18
49 -1.961650 36
50 0.000000 13
51 -10.855719 29
52 -1.170129 42
53 0.000000 6
54 0.000000 2
55 0.000000 15
56 0.000000 13
57 0.000000 13
58 1.751946 27
59 0.000000 18
60 0.000000 1
61 0.000000 5
62 0.000000 12
63 -1.339126 79
64 -5.733812 79
65 -5.561572 52
66 -1.071419 23
67 -2.188069 21
68 0.000000 18
69 -7.672634 20
70 0.000000 2
71 0.000000 0
72 0.000000 1
73 0.000000 3
74 0.000000 1
75 0.000000 0
76 -4.827484 37
77 -4.992685 106
78 -9.881014 139
79 -3.906926 27
80 0.000000 4
81 0.000000 7
82 0.000000 2
83 0.000000 0
84 0.000000 0
85 0.000000 0
86 0.000000 0
87 0.000000 0
88 0.000000 0
89 0.000000 13
90 0.000000 7
91 -5.234010 24
92 0.000000 3
93 0.000000 13
94 -4.663722 51
95 0.000000 17
96 0.000000 3
97 0.000000 1
98 0.000000 12
99 0.000000 12
100 -4.840613 20
101 -5.755687 21
102 -4.704335 31
103 0.000000 14
104 -4.389145 20
105 0.000000 18
106 -0.476073 43
107 0.000000 0
108 0.000000 17
109 0.000000 3
110 0.000000 2
111 -4.964612 27
112 -1.226184 46
113 -5.388321 21
114 -5.613602 51
115 -6.164862 79
116 0.000000 4
117 0.000000 17
118 -4.732247 31
119 -1.999532 71
120 -3.051334 31
121 -8.709485 28
122 0.000000 9
123 0.000000 7
124 0.000000 1
125 0.000000 0
126 0.000000 0
127 0.000000 0
128 0.000000 0
129 0.000000 0
130 0.000000 10
131 0.000000 0
132 -5.617149 24
133 1.107162 54
134 2.545990 22
135 0.495179 40
136 -4.397517 50
137 0.000000 4
138 0.000000 0
139 0.000000 17
140 0.000000 15
141 0.000000 17
142 0.000000 12
143 0.000000 14
144 0.000000 0
145 0.000000 2
146 0.000000 14
147 -4.307611 88
148 0.000812 72
149 -3.663818 78
150 0.000000 18
151 1.279529 45
152 -12.121416 22
153 0.000000 15
154 0.000000 8
155 0.000000 0
156 0.000000 0
157 0.000000 0
158 0.000000 0
159 0.000000 1
160 0.000000 1
161 -3.439059 102
162 -4.768701 128
163 -2.105558 155
164 0.000000 10
165 0.000000 9
166 0.000000 3
167 0.000000 0
168 0.000000 0

[ECalTiming]
p0 -43.152900
p1 0.986600

[TimeWalk]
p1_L1 19.736000
p1_L2 18.037000
totref_L1 12.000000
totref_L2 12.000000
totmin 5.000000
totmax 30.000000
