# CDet master calibration constants

[BarOffsets]
1 0.000000 0
2 0.000000 0
3 0.000000 0
4 0.000000 3
5 0.000000 6
6 0.000000 6
7 0.000000 17
8 0.000000 0
9 -9.886459 25
10 -10.871427 23
11 -1.419946 32
12 0.000000 11
13 0.000000 4
14 -2.700056 22
15 13.818952 25
16 0.000000 13
17 0.000000 12
18 1.838198 22
19 -3.454827 21
20 -4.624416 21
21 0.000000 8
22 -15.378165 25
23 0.000000 1
24 0.000000 9
25 0.000000 0
26 0.000000 15
27 0.525334 20
28 0.000000 15
29 0.000000 13
30 0.709125 44
31 -0.494218 38
32 0.000000 4
33 -5.783166 20
34 0.000000 18
35 -14.711442 36
36 -0.084118 21
37 2.762743 22
38 -0.953601 23
39 0.000000 12
40 0.000000 2
41 0.000000 0
42 0.000000 0
43 0.000000 0
44 0.000000 0
45 0.000000 1
46 0.000000 6
47 0.000000 16
48 0.000000 14
49 -0.847332 24
50 0.000000 6
51 -7.380022 42
52 0.000000 4
53 0.000000 13
54 0.000000 1
55 0.000000 8
56 0.000000 10
57 -0.479701 21
58 -27.121119 29
59 -1.523877 32
60 0.000000 3
61 0.000000 19
62 0.000000 1
63 0.347633 92
64 1.365658 68
65 -1.735671 31
66 1.029890 41
67 -10.103743 44
68 0.000000 9
69 -3.715321 22
70 0.000000 2
71 0.000000 0
72 0.000000 1
73 0.000000 1
74 0.000000 2
75 0.000000 0
76 0.000000 14
77 0.987855 56
78 -2.064913 103
79 -3.728023 56
80 -10.166980 48
81 -7.611584 22
82 0.000000 1
83 0.000000 0
84 0.000000 0
85 0.000000 0
86 0.000000 0
87 0.000000 4
88 0.000000 1
89 0.000000 4
90 0.000000 6
91 -5.575666 20
92 0.000000 1
93 -13.023806 29
94 -11.495911 32
95 -7.988687 37
96 0.000000 16
97 0.000000 4
98 -3.581166 20
99 -4.262663 28
100 0.000000 11
101 0.000000 13
102 -0.253642 21
103 -2.119356 21
104 -4.569578 20
105 -2.703536 27
106 -6.596242 25
107 0.000000 0
108 0.000000 7
109 0.000000 7
110 0.000000 8
111 0.000000 17
112 -30.420846 23
113 0.000000 12
114 0.666899 34
115 -6.091938 38
116 0.000000 8
117 0.000000 18
118 0.000000 14
119 0.505925 33
120 -3.017650 22
121 0.590501 30
122 0.000000 17
123 0.000000 17
124 0.000000 4
125 0.000000 0
126 0.000000 0
127 0.000000 0
128 0.000000 0
129 0.000000 0
130 6.986997 27
131 0.000000 0
132 0.000000 17
133 4.865269 30
134 0.000000 12
135 3.217205 27
136 -5.507470 32
137 0.000000 0
138 0.000000 0
139 0.000000 10
140 0.000000 9
141 -0.896516 21
142 0.000000 16
143 -0.391989 34
144 0.000000 7
145 0.000000 16
146 0.000000 11
147 -6.901330 99
148 0.392624 38
149 -10.916456 27
150 9.960635 37
151 3.827947 54
152 0.000000 18
153 -3.170095 26
154 0.000000 2
155 0.000000 0
156 0.000000 0
157 0.000000 0
158 0.000000 0
159 0.000000 1
160 0.000000 0
161 -6.980988 53
162 -9.916688 75
163 -5.277558 154
164 20.565419 47
165 5.265308 26
166 0.000000 5
167 0.000000 0
168 0.000000 0

[ECalTiming]
p0 -43.152900
p1 0.986600

[TimeWalk]
p1_L1 19.736000
p1_L2 18.037000
totref_L1 12.000000
totref_L2 12.000000
totmin 5.000000
totmax 30.000000
