# CDet master calibration constants

[BarOffsets]
1 0.000000 0
2 0.000000 0
3 0.000000 0
4 0.000000 0
5 0.000000 3
6 0.000000 4
7 0.000000 7
8 0.000000 0
9 -0.324141 38
10 0.326947 54
11 -0.678418 39
12 -9.183739 24
13 0.000000 10
14 -1.501645 39
15 -2.061217 25
16 0.000000 18
17 0.505193 37
18 0.051902 31
19 0.000000 19
20 0.000000 19
21 0.000000 18
22 -0.654027 42
23 0.000000 3
24 -6.134113 27
25 0.000000 0
26 -7.011428 92
27 -0.060107 197
28 1.325740 141
29 -4.809501 118
30 2.780535 297
31 -2.461193 357
32 -3.666950 30
33 -8.773645 120
34 0.537042 160
35 1.233062 141
36 -3.329296 54
37 1.512407 157
38 -3.276535 115
39 0.000000 4
40 0.000000 0
41 0.000000 0
42 0.000000 0
43 0.000000 0
44 0.000000 0
45 0.000000 1
46 0.000000 4
47 0.000000 14
48 0.000000 5
49 0.000000 13
50 0.000000 3
51 -2.390004 58
52 0.000000 6
53 0.000000 1
54 0.000000 3
55 4.852773 29
56 0.000000 14
57 5.316335 53
58 1.831826 66
59 1.189669 75
60 1.206488 21
61 -3.582922 29
62 0.000000 1
63 5.085829 78
64 -1.443287 98
65 -1.328056 59
66 -4.600665 49
67 -7.570897 278
68 -0.046409 32
69 -4.719518 110
70 0.000000 13
71 0.000000 0
72 0.000000 1
73 0.000000 4
74 0.000000 0
75 0.000000 5
76 -1.101638 44
77 0.456178 156
78 -5.187172 353
79 -8.777171 252
80 -12.746421 325
81 -14.026771 75
82 0.000000 0
83 0.000000 0
84 0.000000 0
85 0.000000 0
86 0.000000 0
87 0.000000 0
88 0.000000 0
89 0.000000 5
90 0.000000 1
91 0.000000 12
92 0.000000 7
93 -5.805017 39
94 0.305653 70
95 -6.678024 41
96 -11.033092 34
97 0.000000 4
98 -8.382528 42
99 -0.071084 27
100 -1.084107 21
101 -1.680853 45
102 -2.186667 24
103 0.000000 18
104 0.000000 18
105 7.908402 32
106 3.559017 44
107 0.000000 0
108 0.143785 28
109 0.000000 4
110 -1.763196 34
111 -0.857110 114
112 4.137659 288
113 0.825563 118
114 0.411177 212
115 -0.417898 380
116 0.000000 18
117 0.309993 138
118 1.105234 107
119 3.202193 228
120 -0.498465 80
121 -4.228467 121
122 -10.624644 135
123 -16.865256 33
124 0.000000 0
125 0.000000 0
126 0.000000 0
127 0.000000 0
128 0.000000 0
129 0.000000 0
130 -3.139808 25
131 0.000000 0
132 0.000000 5
133 14.934967 24
134 0.000000 4
135 4.631231 54
136 0.000000 14
137 0.000000 0
138 0.000000 0
139 3.259336 41
140 0.000000 17
141 -7.137175 47
142 -6.667460 40
143 -10.360152 61
144 0.000000 15
145 -11.764657 28
146 0.000000 10
147 0.806144 76
148 5.086780 59
149 0.570849 84
150 -0.310305 49
151 4.781952 317
152 1.676455 60
153 -0.671747 110
154 5.083962 33
155 0.000000 0
156 0.000000 0
157 0.000000 0
158 0.000000 0
159 0.000000 1
160 0.000000 2
161 1.594915 184
162 -0.850271 257
163 0.822994 669
164 -1.928274 314
165 2.370454 178
166 0.000000 0
167 0.000000 0
168 0.000000 0

[ECalTiming]
p0 -43.152900
p1 0.986600

[TimeWalk]
p1_L1 19.736000
p1_L2 18.037000
totref_L1 12.000000
totref_L2 12.000000
totmin 5.000000
totmax 30.000000
